2
4
7
15
21
27
31
34
36
37
38
39
40
43
55
60
62
65
66
74
78
88
99
100
104
105
112
114
119
120
121
129
130
135
141
152
156
159
162
166
175
176
178
182
189
202
203
206
212
242
246
262
264
278
298
307
316
346
393
401
409
426
429
434
440
473
505
515
663
763
816
826
834
858
933
1009
1014
1148
1157
1228
1257
1261
1262
1267
1282
1284
1292
1293
1295
1304
1309
1310
1315
1316
1317
1320
1323
1324
1331
1337
1345
1359
1369
1377
1381
1387
1388
1391
1392
1396
1397
1417
1418
1423
1426
1450
1451
1454
1456
1458
1459
1461
1471
1485
1492
1498
1500
1501
1505
1510
1513
1514
1522
1524
1525
1526
1527
1530
1535
1536
1541
1545
1551
1556
1557
1559
1571
1579
1582
1593
1609
1612
1620
1626
1627
1637
1647
1649
1660
1662
1677
1690
1718
1729
1731
1751
1779
1785
1786
1794
1796
1808
1820
1821
1822
1825
1828
1862
1870
1875
1910
1927
1946
1984
1988
1994
2010
2031
2040
2061
2069
2088
2098
2103
2117
2133
2141
2149
2151
2198
2230
2294
2326
2335
2339
2340
2343
2355
2383
2387
2401
2408
2420
2432
2433
2439
2451
2455
2456
2490
2612
2634
2663
2673
2781
2784
2795
2807
2816
2846
2849
2850
2854
2865
2868
2875
2885
2899
2905
2914
2935
2937
3016
3017
3057
3112
3127
3175
3178
3191
3293
3420
3513
3515
3523
3524
3530
3532
3533
3538
3547
3551
3553
3554
3555
3556
3561
3562
3568
3569
3571
3572
3575
3580
3581
3586
3591
3598
3600
3601
3610
3614
3618
3622
3626
3628
3637
3638
3643
3652
3656
3657
3659
3665
3671
3672
3680
3683
3686
3691
3700
3703
3706
3712
3728
3744
3748
3751
3758
3765
3768
3769
3771
3772
3773
3774
3775
3776
3780
3781
3783
3784
3785
3792
3793
3794
3799
3800
3804
3805
3807
3817
3829
3831
3834
3841
3843
3845
3848
3855
3862
3863
3874
3875
3877
3878
3879
3882
3883
3886
3891
3892
3894
3895
3902
3903
3905
3906
3913
3914
3916
3921
3935
3936
3939
3940
3948
3951
3955
3956
3958
3959
3960
3961
3962
3963
3970
3971
3973
3974
3975
3976
3977
3978
3979
3980
3983
3984
3988
3991
3992
3993
3995
3996
3997
3998
4003
4004
4005
4009
4010
4012
4013
4015
4021
4024
4030
4031
4036
4037
4038
4050
4055
4066
4067
4071
4072
4073
4074
4079
4089
4100
4101
4105
4108
4117
4121
4123
4124
4126
4128
4130
4131
4138
4143
4151
4156
4159
4165
4167
4173
4179
4205
4208
4211
4212
4216
4228
4229
4231
4232
4237
4238
4239
4242
4243
4244
4247
4249
4250
4255
4257
4258
4263
4275
4279
4282
4298
4299
4309
4312
4322
4334
4336
4344
4350
4353
4363
4371
4374
4382
4385
4393
4394
4403
4407
4416
4422
4429
4430
4433
4436
4440
4442
4443
4446
4457
4461
4462
4476
4478
4479
4494
4498
4511
4512
4518
4528
4529
4530
4531
4532
4535
4538
4542
4545
4546
4554
4557
4559
4571
4572
4579
4586
4588
4590
4593
4598
4604
4607
4611
4622
4638
4644
4647
4654
4657
4660
4661
4662
4663
4664
4665
4670
4671
4675
4687
4693
4703
4707
4709
4719
4726
4731
4746
4761
4762
4763
4767
4773
4775
4804
4808
4816
4818
4826
4850
4853
4855
4860
4874
4877
4886
4889
4896
4898
4904
4913
4914
4915
4919
4924
4931
4935
4945
4949
4953
4955
4957
4983
4985
4992
4994
5008
5014
5016
5027
5028
5031
5032
5035
5036
5039
5042
5053
5057
5060
5064
5068
5072
5079
5080
5084
5085
5087
5091
5094
5098
5121
5124
5127
5130
5132
5135
5137
5139
5141
5150
5153
5154
5158
5162
5165
5167
5172
5182
5184
5186
5201
5203
5204
5210
5212
5213
5218
5222
5223
5232
5240
5244
5256
5263
5266
5274
5277
5278
5292
5294
5295
5297
5302
5319
5320
5321
5322
5325
5334
5343
5344
5364
5395
5410
5428
5433
5439
5443
5444
5450
5475
5477
5481
5503
5518
5520
5522
5524
5536
5545
5550
5559
5565
5599
5631
5643
5649
5650
5653
5659
5660
5666
5679
5691
5696
5703
5710
5715
5716
5726
5730
5747
5748
5755
5762
5780
5783
5784
5808
5817
5821
5836
5849
5853
5862
5885
5889
5890
5906
5909
5929
5951
5952
5955
5979
6000
6004
6014
6018
6026
6032
6048
6050
6059
6066
6074
6079
6115
6122
6123
6139
6169
6170
6173
6196
6203
6204
6225
6232
6234
6276
6279
6295
6297
6298
6302
6309
6313
6322
6323
6326
6329
6335
6341
6342
6350
6377
6393
6395
6399
6405
6411
6432
6439
6444
6446
6452
6453
6474
6477
6478
6486
6488
6489
6491
6501
6505
6506
6510
6530
6537
6543
6544
6549
6570
6577
6579
6584
6604
6610
6615
6617
6621
6626
6630
6636
6641
6666
6668
6681
6693
6697
6703
6710
6718
6731
6742
6745
6794
6799
6814
6848
6849
6858
6914
6916
6920
6936
6939
6942
6946
6972
6973
6992
7026
7041
7047
7049
7059
7073
