1
3
5
12
16
18
19
28
29
30
32
33
45
52
56
59
63
70
71
72
75
79
80
81
84
95
97
101
106
107
108
109
118
124
127
128
136
142
143
148
151
161
170
171
172
174
180
181
185
188
190
191
196
197
199
201
205
209
213
214
215
220
222
223
225
227
228
229
240
247
249
253
257
258
260
263
268
271
272
274
277
280
282
289
297
302
303
308
310
313
318
320
321
327
332
333
334
338
339
340
342
344
347
350
353
356
358
359
362
363
364
365
366
369
371
372
375
378
383
384
385
386
388
390
391
392
394
397
404
407
408
416
417
419
420
424
425
427
428
432
435
443
444
454
456
457
459
460
462
463
464
468
471
472
474
476
477
478
480
482
483
486
488
490
492
494
496
499
500
503
507
508
511
512
514
516
517
518
520
521
522
523
524
526
527
529
530
531
533
534
536
538
540
544
546
547
548
550
552
553
556
557
562
563
565
567
568
569
570
574
577
578
579
580
581
582
583
585
586
588
599
600
602
611
612
614
617
618
619
621
624
627
629
630
632
633
635
638
641
643
645
646
647
648
650
651
652
654
655
658
659
660
661
662
664
667
668
669
675
676
679
680
683
684
685
686
687
688
690
692
697
700
701
702
705
707
708
710
711
714
715
716
719
721
725
727
728
729
731
732
733
735
739
742
743
745
746
747
749
751
752
753
756
757
758
759
761
762
764
765
768
769
770
773
774
775
776
777
779
780
782
783
785
787
790
795
802
803
804
805
806
807
809
810
812
814
815
817
818
819
820
823
828
829
830
831
832
833
835
836
837
838
840
843
846
847
849
851
854
855
856
857
860
861
862
863
864
865
872
873
874
877
878
879
881
882
883
884
885
886
888
889
890
893
896
900
902
903
904
905
908
909
910
912
914
915
916
918
919
921
923
925
927
928
931
936
937
938
940
942
943
944
945
946
947
948
949
953
955
958
959
960
961
962
964
966
967
969
970
971
972
973
974
975
976
978
979
980
981
982
983
984
986
988
989
990
993
994
995
996
999
1002
1003
1004
1006
1008
1010
1011
1012
1015
1016
1018
1021
1022
1023
1024
1025
1026
1027
1028
1031
1032
1034
1036
1037
1038
1039
1040
1045
1046
1047
1049
1050
1051
1052
1053
1054
1055
1056
1057
1059
1060
1061
1062
1063
1064
1065
1067
1068
1069
1071
1072
1073
1074
1075
1076
1077
1081
1082
1083
1084
1087
1088
1089
1090
1091
1092
1093
1095
1096
1097
1098
1101
1102
1103
1105
1106
1108
1109
1110
1111
1112
1113
1114
1115
1116
1117
1119
1122
1123
1126
1127
1128
1129
1130
1131
1132
1133
1134
1135
1138
1139
1140
1141
1143
1144
1145
1146
1151
1152
1153
1154
1155
1156
1158
1161
1162
1163
1164
1165
1166
1167
1168
1169
1170
1171
1172
1174
1179
1180
1181
1182
1184
1185
1187
1188
1189
1190
1191
1193
1194
1196
1197
1198
1199
1200
1201
1202
1203
1204
1206
1208
1209
1210
1211
1213
1214
1216
1217
1218
1219
1220
1221
1223
1224
1225
1226
1227
1229
1230
1231
1233
1234
1235
1236
1239
1240
1241
1242
1243
1244
1246
1247
1250
1251
1252
1253
1254
1255
1260
1264
1266
1268
1269
1273
1274
1275
1277
1278
1279
1281
1290
1294
1296
1306
1313
1321
1327
1329
1334
1343
1344
1347
1361
1362
1363
1365
1376
1378
1379
1380
1382
1383
1385
1393
1398
1399
1400
1402
1403
1407
1408
1410
1411
1413
1414
1419
1421
1428
1429
1431
1438
1440
1441
1446
1460
1467
1468
1469
1473
1474
1475
1476
1483
1484
1486
1487
1493
1494
1496
1503
1506
1507
1515
1520
1532
1534
1538
1547
1548
1550
1566
1569
1570
1573
1574
1576
1580
1583
1587
1590
1591
1592
1594
1597
1598
1599
1601
1604
1605
1606
1610
1611
1613
1614
1615
1618
1624
1625
1628
1629
1631
1632
1633
1635
1638
1641
1642
1644
1645
1650
1651
1652
1653
1656
1659
1664
1667
1668
1669
1671
1672
1675
1678
1679
1680
1682
1683
1685
1687
1688
1695
1697
1698
1699
1701
1702
1708
1711
1714
1716
1719
1721
1722
1723
1724
1725
1726
1727
1728
1730
1733
1735
1739
1742
1743
1746
1747
1748
1749
1754
1755
1756
1759
1761
1763
1764
1765
1766
1768
1769
1770
1772
1773
1776
1777
1788
1789
1790
1791
1797
1798
1799
1800
1801
1802
1803
1804
1806
1809
1813
1814
1815
1818
1824
1826
1827
1830
1831
1833
1835
1836
1840
1841
1842
1843
1845
1850
1852
1856
1857
1866
1867
1869
1871
1872
1874
1876
1877
1878
1879
1880
1881
1882
1883
1884
1885
1886
1890
1894
1895
1896
1897
1898
1900
1901
1902
1905
1906
1907
1908
1912
1913
1916
1920
1922
1926
1929
1930
1933
1936
1938
1942
1943
1944
1948
1949
1951
1952
1953
1957
1961
1962
1964
1966
1967
1968
1970
1973
1974
1975
1976
1978
1980
1982
1985
1986
1989
1991
1993
1995
1996
1998
2000
2002
2005
2006
2007
2008
2009
2013
2015
2018
2019
2022
2023
2025
2026
2027
2028
2029
2030
2033
2035
2036
2042
2044
2046
2055
2056
2057
2062
2065
2066
2068
2071
2073
2074
2076
2077
2078
2082
2086
2089
2094
2095
2096
2101
2106
2108
2109
2111
2113
2115
2118
2121
2122
2123
2126
2127
2128
2129
2134
2135
2137
2138
2139
2144
2145
2147
2148
2150
2152
2153
2156
2157
2161
2162
2163
2164
2169
2170
2171
2175
2176
2179
2180
2182
2183
2186
2187
2188
2191
2193
2194
2195
2197
2199
2200
2201
2202
2204
2206
2208
2209
2212
2213
2215
2216
2218
2220
2221
2225
2229
2231
2233
2234
2236
2239
2240
2241
2242
2246
2248
2249
2250
2251
2252
2254
2255
2256
2257
2258
2260
2261
2263
2264
2265
2266
2268
2269
2271
2272
2273
2274
2276
2277
2278
2280
2281
2286
2288
2289
2290
2293
2298
2299
2302
2303
2304
2305
2306
2307
2308
2310
2311
2314
2316
2317
2319
2327
2331
2333
2337
2341
2342
2345
2347
2349
2350
2352
2354
2358
2359
2362
2363
2365
2366
2368
2371
2373
2375
2376
2377
2378
2380
2382
2384
2390
2394
2395
2396
2397
2398
2400
2402
2409
2410
2411
2412
2413
2414
2415
2417
2418
2421
2422
2423
2424
2425
2426
2427
2429
2430
2431
2434
2437
2438
2440
2441
2443
2446
2448
2449
2450
2452
2453
2454
2459
2462
2463
2464
2465
2468
2469
2475
2476
2479
2481
2483
2485
2488
2489
2491
2492
2494
2495
2496
2497
2498
2499
2501
2502
2504
2505
2507
2509
2510
2511
2512
2513
2515
2516
2519
2521
2523
2524
2526
2527
2528
2530
2531
2532
2533
2534
2536
2537
2538
2539
2540
2541
2542
2543
2544
2545
2546
2547
2548
2549
2550
2552
2554
2555
2556
2559
2560
2561
2562
2563
2565
2566
2567
2568
2569
2570
2571
2572
2573
2574
2575
2576
2578
2580
2581
2582
2584
2585
2587
2588
2589
2590
2591
2593
2599
2600
2601
2603
2607
2608
2610
2611
2613
2614
2616
2617
2622
2623
2625
2626
2627
2628
2629
2631
2632
2633
2636
2638
2639
2642
2643
2645
2646
2647
2648
2649
2652
2654
2656
2658
2659
2660
2661
2665
2666
2667
2669
2670
2671
2672
2674
2675
2676
2679
2680
2681
2682
2683
2684
2685
2687
2688
2689
2690
2691
2692
2693
2694
2695
2696
2697
2698
2699
2700
2701
2703
2704
2705
2706
2708
2709
2711
2712
2713
2715
2716
2717
2718
2719
2722
2724
2725
2726
2727
2728
2729
2730
2731
2734
2735
2739
2740
2742
2743
2744
2745
2746
2749
2751
2752
2754
2757
2758
2759
2761
2762
2764
2765
2766
2767
2768
2770
2771
2775
2776
2777
2782
2785
2786
2789
2792
2793
2794
2804
2808
2811
2817
2820
2822
2823
2826
2827
2829
2837
2840
2841
2844
2847
2848
2852
2853
2855
2856
2859
2864
2866
2870
2871
2878
2879
2880
2881
2883
2884
2886
2888
2891
2892
2893
2896
2898
2900
2902
2903
2904
2908
2910
2911
2913
2915
2916
2918
2919
2920
2921
2928
2929
2930
2931
2932
2936
2940
2947
2949
2952
2957
2960
2961
2962
2964
2967
2968
2969
2973
2977
2978
2979
2980
2982
2983
2985
2986
2988
2989
2992
2993
2995
2997
2998
2999
3000
3001
3005
3006
3009
3014
3019
3022
3024
3027
3029
3031
3032
3033
3036
3040
3041
3043
3044
3050
3051
3055
3056
3058
3059
3060
3063
3065
3068
3069
3074
3075
3076
3078
3080
3082
3083
3084
3087
3089
3093
3095
3097
3099
3101
3102
3103
3105
3107
3108
3113
3114
3117
3118
3120
3122
3126
3131
3132
3133
3135
3136
3137
3138
3144
3146
3148
3149
3150
3154
3155
3156
3157
3161
3166
3167
3168
3169
3171
3172
3173
3174
3176
3177
3179
3180
3181
3182
3186
3187
3189
3195
3198
3199
3200
3201
3203
3205
3206
3207
3208
3209
3210
3211
3212
3213
3215
3216
3219
3220
3221
3222
3223
3224
3225
3226
3230
3232
3234
3235
3239
3240
3241
3242
3244
3246
3247
3249
3251
3256
3257
3258
3259
3260
3262
3266
3267
3268
3269
3270
3271
3272
3273
3274
3275
3279
3282
3284
3289
3290
3291
3295
3296
3297
3299
3300
3303
3307
3308
3309
3310
3311
3312
3314
3319
3320
3321
3323
3325
3327
3328
3334
3339
3343
3345
3348
3349
3350
3351
3352
3354
3356
3358
3359
3360
3361
3362
3364
3367
3369
3370
3371
3380
3381
3382
3383
3384
3385
3387
3388
3389
3390
3391
3392
3396
3397
3398
3399
3400
3401
3402
3403
3404
3405
3409
3410
3411
3412
3415
3416
3417
3419
3422
3423
3424
3425
3426
3427
3428
3432
3433
3435
3436
3438
3439
3440
3441
3442
3443
3448
3452
3453
3455
3457
3458
3460
3461
3462
3463
3465
3466
3467
3468
3470
3471
3473
3474
3475
3476
3477
3478
3479
3480
3481
3483
3484
3485
3486
3487
3488
3489
3490
3491
3492
3493
3494
3495
3496
3498
3499
3500
3502
3505
3506
3508
3509
3510
3511
3512
3514
3520
3521
3522
3525
3534
3536
3539
3541
3543
3544
3545
3559
3560
3567
3579
3583
3585
3588
3589
3592
3594
3603
3607
3611
3612
3613
3624
3625
3630
3633
3636
3639
3640
3642
3644
3645
3647
3649
3650
3651
3653
3660
3661
3668
3673
3676
3690
3692
3693
3695
3698
3699
3701
3705
3708
3710
3711
3713
3714
3715
3717
3722
3723
3725
3726
3727
3733
3737
3738
3739
3740
3741
3742
3743
3746
3750
3760
3762
3766
3770
3779
3782
3787
3791
3795
3796
3797
3798
3802
3803
3806
3808
3810
3813
3814
3818
3821
3824
3828
3832
3833
3838
3839
3840
3844
3849
3853
3854
3858
3864
3865
3866
3867
3869
3870
3872
3880
3881
3889
3896
3897
3898
3899
3908
3910
3915
3918
3919
3920
3925
3929
3931
3932
3933
3934
3941
3942
3943
3947
3952
3953
3986
3990
4011
4016
4018
4022
4026
4028
4029
4035
4039
4045
4051
4054
4056
4057
4058
4059
4062
4063
4076
4077
4078
4082
4083
4084
4086
4087
4090
4092
4094
4095
4097
4102
4107
4109
4110
4111
4112
4114
4115
4119
4120
4134
4140
4145
4147
4149
4158
4161
4168
4172
4174
4175
4176
4180
4181
4185
4186
4189
4190
4192
4193
4195
4196
4197
4200
4202
4204
4207
4209
4213
4214
4219
4221
4222
4223
4225
4234
4235
4240
4241
4252
4253
4254
4256
4259
4261
4268
4269
4270
4271
4272
4273
4274
4278
4280
4281
4284
4287
4290
4292
4303
4306
4308
4311
4313
4314
4315
4316
4317
4318
4327
4329
4331
4338
4340
4343
4346
4348
4349
4351
4352
4358
4360
4362
4365
4367
4368
4373
4379
4380
4383
4384
4390
4397
4398
4405
4409
4410
4413
4419
4427
4428
4434
4435
4437
4439
4444
4445
4447
4450
4452
4453
4454
4455
4456
4459
4460
4464
4469
4471
4475
4483
4484
4485
4487
4488
4491
4495
4500
4502
4503
4505
4509
4510
4522
4524
4525
4526
4534
4539
4544
4553
4556
4566
4570
4573
4580
4581
4584
4585
4589
4595
4600
4601
4602
4606
4609
4613
4621
4623
4624
4626
4628
4630
4633
4636
4640
4641
4643
4649
4650
4656
4659
4667
4668
4678
4679
4682
4683
4684
4685
4689
4691
4692
4697
4699
4705
4706
4712
4714
4715
4718
4720
4727
4728
4732
4736
4739
4740
4743
4745
4748
4750
4752
4753
4756
4758
4760
4766
4769
4776
4777
4778
4781
4782
4785
4787
4788
4792
4793
4794
4796
4798
4799
4800
4801
4802
4803
4805
4810
4812
4813
4815
4817
4823
4824
4828
4835
4836
4840
4843
4848
4849
4852
4858
4859
4861
4864
4865
4871
4873
4875
4878
4879
4881
4882
4883
4884
4888
4892
4895
4897
4901
4902
4905
4906
4907
4910
4911
4912
4916
4920
4921
4922
4926
4927
4930
4933
4938
4940
4941
4942
4956
4958
4959
4960
4962
4964
4966
4969
4971
4973
4975
4976
4978
4981
4984
4990
4991
4993
4996
4997
4999
5001
5003
5004
5006
5009
5012
5023
5045
5047
5051
5061
5063
5065
5067
5073
5074
5075
5077
5078
5086
5090
5096
5097
5101
5102
5103
5105
5111
5112
5118
5122
5125
5126
5129
5131
5134
5138
5142
5143
5151
5161
5169
5173
5175
5177
5179
5185
5187
5188
5191
5195
5196
5198
5200
5215
5217
5219
5220
5225
5227
5228
5229
5233
5237
5238
5242
5248
5249
5252
5258
5260
5262
5264
5267
5268
5279
5283
5285
5287
5289
5291
5296
5298
5301
5303
5306
5307
5308
5311
5314
5318
5326
5330
5331
5336
5338
5340
5342
5347
5348
5349
5350
5353
5355
5356
5357
5358
5360
5361
5366
5369
5370
5371
5374
5375
5377
5378
5379
5381
5382
5383
5386
5388
5389
5390
5396
5401
5405
5406
5408
5409
5414
5417
5424
5430
5431
5438
5440
5446
5447
5454
5456
5459
5463
5466
5468
5474
5479
5480
5482
5483
5487
5489
5490
5496
5498
5500
5501
5502
5506
5507
5508
5509
5510
5512
5514
5515
5516
5519
5521
5529
5530
5538
5539
5540
5541
5542
5543
5544
5547
5548
5549
5552
5553
5555
5557
5558
5560
5562
5564
5568
5569
5571
5573
5575
5580
5581
5583
5587
5590
5593
5594
5595
5596
5598
5601
5606
5609
5611
5615
5616
5617
5618
5621
5623
5625
5627
5629
5633
5645
5646
5652
5655
5658
5661
5662
5663
5665
5668
5673
5676
5680
5683
5685
5686
5688
5689
5690
5692
5693
5698
5699
5701
5702
5705
5708
5713
5714
5718
5719
5720
5721
5727
5731
5732
5735
5738
5739
5740
5743
5746
5749
5750
5751
5752
5753
5756
5757
5761
5765
5771
5772
5773
5775
5776
5778
5779
5782
5785
5786
5789
5792
5793
5795
5796
5798
5800
5801
5803
5805
5810
5813
5814
5818
5823
5828
5831
5832
5833
5837
5838
5845
5846
5847
5848
5850
5852
5857
5859
5860
5863
5865
5866
5867
5873
5875
5876
5877
5881
5882
5883
5886
5887
5891
5895
5896
5897
5898
5900
5901
5903
5904
5905
5911
5912
5916
5917
5919
5924
5925
5927
5928
5930
5933
5934
5936
5937
5938
5940
5941
5942
5943
5944
5945
5948
5961
5967
5973
5976
5978
5980
5981
5982
5983
5984
5985
5987
5991
5992
5995
5996
6001
6007
6009
6010
6011
6012
6013
6015
6016
6019
6020
6022
6023
6024
6025
6027
6029
6034
6038
6040
6043
6045
6049
6051
6053
6054
6056
6062
6064
6067
6068
6075
6077
6080
6082
6084
6086
6088
6090
6093
6094
6096
6100
6101
6102
6104
6107
6111
6112
6113
6120
6124
6126
6128
6129
6130
6132
6135
6136
6142
6143
6145
6146
6149
6151
6152
6153
6154
6155
6158
6159
6161
6164
6165
6166
6168
6171
6172
6174
6175
6176
6177
6179
6182
6183
6185
6188
6190
6192
6198
6200
6206
6207
6209
6210
6212
6214
6215
6216
6217
6222
6223
6228
6233
6239
6244
6245
6246
6248
6250
6251
6252
6254
6256
6257
6258
6259
6260
6261
6262
6264
6265
6267
6268
6269
6270
6272
6273
6281
6283
6284
6287
6290
6291
6299
6301
6304
6305
6316
6319
6321
6324
6327
6332
6333
6336
6339
6340
6343
6348
6352
6353
6357
6359
6360
6364
6365
6366
6372
6376
6379
6383
6384
6386
6388
6391
6402
6404
6408
6415
6416
6417
6419
6420
6422
6423
6424
6427
6430
6435
6442
6448
6449
6454
6455
6457
6458
6460
6462
6465
6466
6468
6481
6484
6487
6493
6495
6496
6497
6500
6504
6507
6508
6509
6511
6514
6515
6516
6518
6519
6520
6521
6526
6529
6531
6532
6534
6548
6551
6553
6554
6557
6559
6561
6563
6564
6565
6566
6568
6569
6580
6585
6586
6588
6589
6590
6591
6592
6593
6595
6596
6597
6602
6607
6608
6614
6625
6633
6634
6635
6640
6643
6644
6645
6647
6650
6654
6659
6661
6667
6673
6674
6675
6678
6679
6682
6683
6684
6685
6686
6689
6690
6691
6695
6698
6704
6706
6709
6712
6713
6717
6720
6722
6726
6728
6729
6730
6732
6733
6734
6736
6737
6739
6741
6746
6747
6749
6750
6751
6753
6754
6755
6756
6759
6760
6763
6766
6768
6771
6773
6777
6781
6785
6788
6790
6791
6793
6795
6797
6798
6800
6802
6803
6805
6806
6809
6810
6811
6812
6813
6817
6818
6819
6820
6821
6822
6823
6825
6826
6827
6834
6836
6839
6840
6841
6842
6843
6844
6846
6847
6850
6856
6859
6860
6862
6863
6866
6868
6870
6872
6875
6878
6880
6881
6882
6884
6885
6888
6889
6890
6893
6895
6896
6899
6900
6903
6905
6908
6911
6912
6913
6915
6917
6923
6925
6928
6929
6931
6932
6933
6934
6937
6941
6944
6947
6948
6949
6950
6951
6952
6953
6954
6956
6957
6961
6962
6966
6967
6968
6970
6971
6974
6976
6977
6982
6984
6985
6986
6987
6989
6996
6997
6998
7001
7002
7003
7006
7012
7020
7023
7028
7029
7031
7035
7038
7039
7040
7045
7048
7053
7056
7058
7060
7062
7063
7065
7066
7067
7072
7074
7084
7085
7087
7089
7090
7095
7098
7100
7102
7103
7108
7109
7110
7116
7118
7123
7124
7126
7127
7128
7129
7130
7134
1
3
5
12
16
18
19
28
29
30
32
33
45
52
56
59
63
70
71
72
75
79
80
81
84
95
97
101
106
107
108
109
118
124
127
128
136
142
143
148
151
161
170
171
172
174
180
181
185
188
190
191
196
197
199
201
205
209
213
214
215
220
222
223
225
227
228
229
240
247
249
253
257
258
260
263
268
271
272
274
277
280
282
289
297
302
303
308
310
313
318
320
321
327
332
333
334
338
339
340
342
344
347
350
353
356
358
359
362
363
364
365
366
369
371
372
375
378
383
384
385
386
388
390
391
392
394
397
404
407
408
416
417
419
420
424
425
427
428
432
435
443
444
454
456
457
459
460
462
463
464
468
471
472
474
476
477
478
480
482
483
486
488
490
492
494
496
499
500
503
507
508
511
512
514
516
517
518
520
521
522
523
524
526
527
529
530
531
533
534
536
538
540
544
546
547
548
550
552
553
556
557
562
563
565
567
568
569
570
574
577
578
579
580
581
582
583
585
586
588
599
600
602
611
612
614
617
618
619
621
624
627
629
630
632
633
635
638
641
643
645
646
647
648
650
651
652
654
655
658
659
660
661
662
664
667
668
669
675
676
679
680
683
684
685
686
687
688
690
692
697
700
701
702
705
707
708
710
711
714
715
716
719
721
725
727
728
729
731
732
733
735
739
742
743
745
746
747
749
751
752
753
756
757
758
759
761
762
764
765
768
769
770
773
774
775
776
777
779
780
782
783
785
787
790
795
802
803
804
805
806
807
809
810
812
814
815
817
818
819
820
823
828
829
830
831
832
833
835
836
837
838
840
843
846
847
849
851
854
855
856
857
860
861
862
863
864
865
872
873
874
877
878
879
881
882
883
884
885
886
888
889
890
893
896
900
902
903
904
905
908
909
910
912
914
915
916
918
919
921
923
925
927
928
931
936
937
938
940
942
943
944
945
946
947
948
949
953
955
958
959
960
961
962
964
966
967
969
970
971
972
973
974
975
976
978
979
980
981
982
983
984
986
988
989
990
993
994
995
996
999
1002
1003
1004
1006
1008
1010
1011
1012
1015
1016
1018
1021
1022
1023
1024
1025
1026
1027
1028
1031
1032
1034
1036
1037
1038
1039
1040
1045
1046
1047
1049
1050
1051
1052
1053
1054
1055
1056
1057
1059
1060
1061
1062
1063
1064
1065
1067
1068
1069
1071
1072
1073
1074
1075
1076
1077
1081
1082
1083
1084
1087
1088
1089
1090
1091
1092
1093
1095
1096
1097
1098
1101
1102
1103
1105
1106
1108
1109
1110
1111
1112
1113
1114
1115
1116
1117
1119
1122
1123
1126
1127
1128
1129
1130
1131
1132
1133
1134
1135
1138
1139
1140
1141
1143
1144
1145
1146
1151
1152
1153
1154
1155
1156
1158
1161
1162
1163
1164
1165
1166
1167
1168
1169
1170
1171
1172
1174
1179
1180
1181
1182
1184
1185
1187
1188
1189
1190
1191
1193
1194
1196
1197
1198
1199
1200
1201
1202
1203
1204
1206
1208
1209
1210
1211
1213
1214
1216
1217
1218
1219
1220
1221
1223
1224
1225
1226
1227
1229
1230
1231
1233
1234
1235
1236
1239
1240
1241
1242
1243
1244
1246
1247
1250
1251
1252
1253
1254
1255
1260
1264
1266
1268
1269
1273
1274
1275
1277
1278
1279
1281
1290
1294
1296
1306
1313
1321
1327
1329
1334
1343
1344
1347
1361
1362
1363
1365
1376
1378
1379
1380
1382
1383
1385
1393
1398
1399
1400
1402
1403
1407
1408
1410
1411
1413
1414
1419
1421
1428
1429
1431
1438
1440
1441
1446
1460
1467
1468
1469
1473
1474
1475
1476
1483
1484
1486
1487
1493
1494
1496
1503
1506
1507
1515
1520
1532
1534
1538
1547
1548
1550
1566
1569
1570
1573
1574
1576
1580
1583
1587
1590
1591
1592
1594
1597
1598
1599
1601
1604
1605
1606
1610
1611
1613
1614
1615
1618
1624
1625
1628
1629
1631
1632
1633
1635
1638
1641
1642
1644
1645
1650
1651
1652
1653
1656
1659
1664
1667
1668
1669
1671
1672
1675
1678
1679
1680
1682
1683
1685
1687
1688
1695
1697
1698
1699
1701
1702
1708
1711
1714
1716
1719
1721
1722
1723
1724
1725
1726
1727
1728
1730
1733
1735
1739
1742
1743
1746
1747
1748
1749
1754
1755
1756
1759
1761
1763
1764
1765
1766
1768
1769
1770
1772
1773
1776
1777
1788
1789
1790
1791
1797
1798
1799
1800
1801
1802
1803
1804
1806
1809
1813
1814
1815
1818
1824
1826
1827
1830
1831
1833
1835
1836
1840
1841
1842
1843
1845
1850
1852
1856
1857
1866
1867
1869
1871
1872
1874
1876
1877
1878
1879
1880
1881
1882
1883
1884
1885
1886
1890
1894
1895
1896
1897
1898
1900
1901
1902
1905
1906
1907
1908
1912
1913
1916
1920
1922
1926
1929
1930
1933
1936
1938
1942
1943
1944
1948
1949
1951
1952
1953
1957
1961
1962
1964
1966
1967
1968
1970
1973
1974
1975
1976
1978
1980
1982
1985
1986
1989
1991
1993
1995
1996
1998
2000
2002
2005
2006
2007
2008
2009
2013
2015
2018
2019
2022
2023
2025
2026
2027
2028
2029
2030
2033
2035
2036
2042
2044
2046
2055
2056
2057
2062
2065
2066
2068
2071
2073
2074
2076
2077
2078
2082
2086
2089
2094
2095
2096
2101
2106
2108
2109
2111
2113
2115
2118
2121
2122
2123
2126
2127
2128
2129
2134
2135
2137
2138
2139
2144
2145
2147
2148
2150
2152
2153
2156
2157
2161
2162
2163
2164
2169
2170
2171
2175
2176
2179
2180
2182
2183
2186
2187
2188
2191
2193
2194
2195
2197
2199
2200
2201
2202
2204
2206
2208
2209
2212
2213
2215
2216
2218
2220
2221
2225
2229
2231
2233
2234
2236
2239
2240
2241
2242
2246
2248
2249
2250
2251
2252
2254
2255
2256
2257
2258
2260
2261
2263
2264
2265
2266
2268
2269
2271
2272
2273
2274
2276
2277
2278
2280
2281
2286
2288
2289
2290
2293
2298
2299
2302
2303
2304
2305
2306
2307
2308
2310
2311
2314
2316
2317
2319
2327
2331
2333
2337
2341
2342
2345
2347
2349
2350
2352
2354
2358
2359
2362
2363
2365
2366
2368
2371
2373
2375
2376
2377
2378
2380
2382
2384
2390
2394
2395
2396
2397
2398
2400
2402
2409
2410
2411
2412
2413
2414
2415
2417
2418
2421
2422
2423
2424
2425
2426
2427
2429
2430
2431
2434
2437
2438
2440
2441
2443
2446
2448
2449
2450
2452
2453
2454
2459
2462
2463
2464
2465
2468
2469
2475
2476
2479
2481
2483
2485
2488
2489
2491
2492
2494
2495
2496
2497
2498
2499
2501
2502
2504
2505
2507
2509
2510
2511
2512
2513
2515
2516
2519
2521
2523
2524
2526
2527
2528
2530
2531
2532
2533
2534
2536
2537
2538
2539
2540
2541
2542
2543
2544
2545
2546
2547
2548
2549
2550
2552
2554
2555
2556
2559
2560
2561
2562
2563
2565
2566
2567
2568
2569
2570
2571
2572
2573
2574
2575
2576
2578
2580
2581
2582
2584
2585
2587
2588
2589
2590
2591
2593
2599
2600
2601
2603
2607
2608
2610
2611
2613
2614
2616
2617
2622
2623
2625
2626
2627
2628
2629
2631
2632
2633
2636
2638
2639
2642
2643
2645
2646
2647
2648
2649
2652
2654
2656
2658
2659
2660
2661
2665
2666
2667
2669
2670
2671
2672
2674
2675
2676
2679
2680
2681
2682
2683
2684
2685
2687
2688
2689
2690
2691
2692
2693
2694
2695
2696
2697
2698
2699
2700
2701
2703
2704
2705
2706
2708
2709
2711
2712
2713
2715
2716
2717
2718
2719
2722
2724
2725
2726
2727
2728
2729
2730
2731
2734
2735
2739
2740
2742
2743
2744
2745
2746
2749
2751
2752
2754
2757
2758
2759
2761
2762
2764
2765
2766
2767
2768
2770
2771
2775
2776
2777
2782
2785
2786
2789
2792
2793
2794
2804
2808
2811
2817
2820
2822
2823
2826
2827
2829
2837
2840
2841
2844
2847
2848
2852
2853
2855
2856
2859
2864
2866
2870
2871
2878
2879
2880
2881
2883
2884
2886
2888
2891
2892
2893
2896
2898
2900
2902
2903
2904
2908
2910
2911
2913
2915
2916
2918
2919
2920
2921
2928
2929
2930
2931
2932
2936
2940
2947
2949
2952
2957
2960
2961
2962
2964
2967
2968
2969
2973
2977
2978
2979
2980
2982
2983
2985
2986
2988
2989
2992
2993
2995
2997
2998
2999
3000
3001
3005
3006
3009
3014
3019
3022
3024
3027
3029
3031
3032
3033
3036
3040
3041
3043
3044
3050
3051
3055
3056
3058
3059
3060
3063
3065
3068
3069
3074
3075
3076
3078
3080
3082
3083
3084
3087
3089
3093
3095
3097
3099
3101
3102
3103
3105
3107
3108
3113
3114
3117
3118
3120
3122
3126
3131
3132
3133
3135
3136
3137
3138
3144
3146
3148
3149
3150
3154
3155
3156
3157
3161
3166
3167
3168
3169
3171
3172
3173
3174
3176
3177
3179
3180
3181
3182
3186
3187
3189
3195
3198
3199
3200
3201
3203
3205
3206
3207
3208
3209
3210
3211
3212
3213
3215
3216
3219
3220
3221
3222
3223
3224
3225
3226
3230
3232
3234
3235
3239
3240
3241
3242
3244
3246
3247
3249
3251
3256
3257
3258
3259
3260
3262
3266
3267
3268
3269
3270
3271
3272
3273
3274
3275
3279
3282
3284
3289
3290
3291
3295
3296
3297
3299
3300
3303
3307
3308
3309
3310
3311
3312
3314
3319
3320
3321
3323
3325
3327
3328
3334
3339
3343
3345
3348
3349
3350
3351
3352
3354
3356
3358
3359
3360
3361
3362
3364
3367
3369
3370
3371
3380
3381
3382
3383
3384
3385
3387
3388
3389
3390
3391
3392
3396
3397
3398
3399
3400
3401
3402
3403
3404
3405
3409
3410
3411
3412
3415
3416
3417
3419
3422
3423
3424
3425
3426
3427
3428
3432
3433
3435
3436
3438
3439
3440
3441
3442
3443
3448
3452
3453
3455
3457
3458
3460
3461
3462
3463
3465
3466
3467
3468
3470
3471
3473
3474
3475
3476
3477
3478
3479
3480
3481
3483
3484
3485
3486
3487
3488
3489
3490
3491
3492
3493
3494
3495
3496
3498
3499
3500
3502
3505
3506
3508
3509
3510
3511
3512
3514
3520
3521
3522
3525
3534
3536
3539
3541
3543
3544
3545
3559
3560
3567
3579
3583
3585
3588
3589
3592
3594
3603
3607
3611
3612
3613
3624
3625
3630
3633
3636
3639
3640
3642
3644
3645
3647
3649
3650
3651
3653
3660
3661
3668
3673
3676
3690
3692
3693
3695
3698
3699
3701
3705
3708
3710
3711
3713
3714
3715
3717
3722
3723
3725
3726
3727
3733
3737
3738
3739
3740
3741
3742
3743
3746
3750
3760
3762
3766
3770
3779
3782
3787
3791
3795
3796
3797
3798
3802
3803
3806
3808
3810
3813
3814
3818
3821
3824
3828
3832
3833
3838
3839
3840
3844
3849
3853
3854
3858
3864
3865
3866
3867
3869
3870
3872
3880
3881
3889
3896
3897
3898
3899
3908
3910
3915
3918
3919
3920
3925
3929
3931
3932
3933
3934
3941
3942
3943
3947
3952
3953
3986
3990
4011
4016
4018
4022
4026
4028
4029
4035
4039
4045
4051
4054
4056
4057
4058
4059
4062
4063
4076
4077
4078
4082
4083
4084
4086
4087
4090
4092
4094
4095
4097
4102
4107
4109
4110
4111
4112
4114
4115
4119
4120
4134
4140
4145
4147
4149
4158
4161
4168
4172
4174
4175
4176
4180
4181
4185
4186
4189
4190
4192
4193
4195
4196
4197
4200
4202
4204
4207
4209
4213
4214
4219
4221
4222
4223
4225
4234
4235
4240
4241
4252
4253
4254
4256
4259
4261
4268
4269
4270
4271
4272
4273
4274
4278
4280
4281
4284
4287
4290
4292
4303
4306
4308
4311
4313
4314
4315
4316
4317
4318
4327
4329
4331
4338
4340
4343
4346
4348
4349
4351
4352
4358
4360
4362
4365
4367
4368
4373
4379
4380
4383
4384
4390
4397
4398
4405
4409
4410
4413
4419
4427
4428
4434
4435
4437
4439
4444
4445
4447
4450
4452
4453
4454
4455
4456
4459
4460
4464
4469
4471
4475
4483
4484
4485
4487
4488
4491
4495
4500
4502
4503
4505
4509
4510
4522
4524
4525
4526
4534
4539
4544
4553
4556
4566
4570
4573
4580
4581
4584
4585
4589
4595
4600
4601
4602
4606
4609
4613
4621
4623
4624
4626
4628
4630
4633
4636
4640
4641
4643
4649
4650
4656
4659
4667
4668
4678
4679
4682
4683
4684
4685
4689
4691
4692
4697
4699
4705
4706
4712
4714
4715
4718
4720
4727
4728
4732
4736
4739
4740
4743
4745
4748
4750
4752
4753
4756
4758
4760
4766
4769
4776
4777
4778
4781
4782
4785
4787
4788
4792
4793
4794
4796
4798
4799
4800
4801
4802
4803
4805
4810
4812
4813
4815
4817
4823
4824
4828
4835
4836
4840
4843
4848
4849
4852
4858
4859
4861
4864
4865
4871
4873
4875
4878
4879
4881
4882
4883
4884
4888
4892
4895
4897
4901
4902
4905
4906
4907
4910
4911
4912
4916
4920
4921
4922
4926
4927
4930
4933
4938
4940
4941
4942
4956
4958
4959
4960
4962
4964
4966
4969
4971
4973
4975
4976
4978
4981
4984
4990
4991
4993
4996
4997
4999
5001
5003
5004
5006
5009
5012
5023
5045
5047
5051
5061
5063
5065
5067
5073
5074
5075
5077
5078
5086
5090
5096
5097
5101
5102
5103
5105
5111
5112
5118
5122
5125
5126
5129
5131
5134
5138
5142
5143
5151
5161
5169
5173
5175
5177
5179
5185
5187
5188
5191
5195
5196
5198
5200
5215
5217
5219
5220
5225
5227
5228
5229
5233
5237
5238
5242
5248
5249
5252
5258
5260
5262
5264
5267
5268
5279
5283
5285
5287
5289
5291
5296
5298
5301
5303
5306
5307
5308
5311
5314
5318
5326
5330
5331
5336
5338
5340
5342
5347
5348
5349
5350
5353
5355
5356
5357
5358
5360
5361
5366
5369
5370
5371
5374
5375
5377
5378
5379
5381
5382
5383
5386
5388
5389
5390
5396
5401
5405
5406
5408
5409
5414
5417
5424
5430
5431
5438
5440
5446
5447
5454
5456
5459
5463
5466
5468
5474
5479
5480
5482
5483
5487
5489
5490
5496
5498
5500
5501
5502
5506
5507
5508
5509
5510
5512
5514
5515
5516
5519
5521
5529
5530
5538
5539
5540
5541
5542
5543
5544
5547
5548
5549
5552
5553
5555
5557
5558
5560
5562
5564
5568
5569
5571
5573
5575
5580
5581
5583
5587
5590
5593
5594
5595
5596
5598
5601
5606
5609
5611
5615
5616
5617
5618
5621
5623
5625
5627
5629
5633
5645
5646
5652
5655
5658
5661
5662
5663
5665
5668
5673
5676
5680
5683
5685
5686
5688
5689
5690
5692
5693
5698
5699
5701
5702
5705
5708
5713
5714
5718
5719
5720
5721
5727
5731
5732
5735
5738
5739
5740
5743
5746
5749
5750
5751
5752
5753
5756
5757
5761
5765
5771
5772
5773
5775
5776
5778
5779
5782
5785
5786
5789
5792
5793
5795
5796
5798
5800
5801
5803
5805
5810
5813
5814
5818
5823
5828
5831
5832
5833
5837
5838
5845
5846
5847
5848
5850
5852
5857
5859
5860
5863
5865
5866
5867
5873
5875
5876
5877
5881
5882
5883
5886
5887
5891
5895
5896
5897
5898
5900
5901
5903
5904
5905
5911
5912
5916
5917
5919
5924
5925
5927
5928
5930
5933
5934
5936
5937
5938
5940
5941
5942
5943
5944
5945
5948
5961
5967
5973
5976
5978
5980
5981
5982
5983
5984
5985
5987
5991
5992
5995
5996
6001
6007
6009
6010
6011
6012
6013
6015
6016
6019
6020
6022
6023
6024
6025
6027
6029
6034
6038
6040
6043
6045
6049
6051
6053
6054
6056
6062
6064
6067
6068
6075
6077
6080
6082
6084
6086
6088
6090
6093
6094
6096
6100
6101
6102
6104
6107
6111
6112
6113
6120
6124
6126
6128
6129
6130
6132
6135
6136
6142
6143
6145
6146
6149
6151
6152
6153
6154
6155
6158
6159
6161
6164
6165
6166
6168
6171
6172
6174
6175
6176
6177
6179
6182
6183
6185
6188
6190
6192
6198
6200
6206
6207
6209
6210
6212
6214
6215
6216
6217
6222
6223
6228
6233
6239
6244
6245
6246
6248
6250
6251
6252
6254
6256
6257
6258
6259
6260
6261
6262
6264
6265
6267
6268
6269
6270
6272
6273
6281
6283
6284
6287
6290
6291
6299
6301
6304
6305
6316
6319
6321
6324
6327
6332
6333
6336
6339
6340
6343
6348
6352
6353
6357
6359
6360
6364
6365
6366
6372
6376
6379
6383
6384
6386
6388
6391
6402
6404
6408
6415
6416
6417
6419
6420
6422
6423
6424
6427
6430
6435
6442
6448
6449
6454
6455
6457
6458
6460
6462
6465
6466
6468
6481
6484
6487
6493
6495
6496
6497
6500
6504
6507
6508
6509
6511
6514
6515
6516
6518
6519
6520
6521
6526
6529
6531
6532
6534
6548
6551
6553
6554
6557
6559
6561
6563
6564
6565
6566
6568
6569
6580
6585
6586
6588
6589
6590
6591
6592
6593
6595
6596
6597
6602
6607
6608
6614
6625
6633
6634
6635
6640
6643
6644
6645
6647
6650
6654
6659
6661
6667
6673
6674
6675
6678
6679
6682
6683
6684
6685
6686
6689
6690
6691
6695
6698
6704
6706
6709
6712
6713
6717
6720
6722
6726
6728
6729
6730
6732
6733
6734
6736
6737
6739
6741
6746
6747
6749
6750
6751
6753
6754
6755
6756
6759
6760
6763
6766
6768
6771
6773
6777
6781
6785
6788
6790
6791
6793
6795
6797
6798
6800
6802
6803
6805
6806
6809
6810
6811
6812
6813
6817
6818
6819
6820
6821
6822
6823
6825
6826
6827
6834
6836
6839
6840
6841
6842
6843
6844
6846
6847
6850
6856
6859
6860
6862
6863
6866
6868
6870
6872
6875
6878
6880
6881
6882
6884
6885
6888
6889
6890
6893
6895
6896
6899
6900
6903
6905
6908
6911
6912
6913
6915
6917
6923
6925
6928
6929
6931
6932
6933
6934
6937
6941
6944
6947
6948
6949
6950
6951
6952
6953
6954
6956
6957
6961
6962
6966
6967
6968
6970
6971
6974
6976
6977
6982
6984
6985
6986
6987
6989
6996
6997
6998
7001
7002
7003
7006
7012
7020
7023
7028
7029
7031
7035
7038
7039
7040
7045
7048
7053
7056
7058
7060
7062
7063
7065
7066
7067
7072
7074
7084
7085
7087
7089
7090
7095
7098
7100
7102
7103
7108
7109
7110
7116
7118
7123
7124
7126
7127
7128
7129
7130
7134
