0
6
8
9
10
11
13
14
17
22
23
24
25
26
33
35
41
42
44
46
47
48
49
50
51
53
54
57
58
61
64
67
68
69
72
73
76
77
82
83
85
86
87
89
90
91
92
93
94
96
98
102
103
110
111
113
115
116
117
122
123
125
126
131
132
133
134
137
138
139
140
144
145
146
147
149
150
151
153
154
155
157
158
160
161
163
164
165
167
168
169
173
177
179
183
184
186
187
192
193
194
195
198
200
201
204
207
208
210
211
216
217
218
219
221
224
226
230
231
232
233
234
235
236
237
238
239
241
243
244
245
248
250
251
252
254
255
256
259
261
265
266
267
269
270
273
275
276
279
280
281
282
283
284
285
286
287
288
290
291
292
293
294
295
296
299
300
301
304
305
306
309
311
312
314
315
317
319
322
323
324
325
326
328
329
330
331
335
336
337
341
343
345
348
349
351
352
354
355
357
359
360
361
363
367
368
370
373
374
376
377
379
380
381
382
385
387
389
390
395
396
398
399
400
403
405
406
410
411
412
413
414
415
418
421
422
423
430
431
433
436
437
438
439
441
442
445
446
447
448
449
450
451
452
453
455
458
461
464
465
466
467
469
470
475
479
481
482
484
485
487
489
491
493
495
497
498
501
502
504
506
509
510
513
519
525
528
532
535
537
539
541
542
543
544
545
549
551
552
554
555
558
559
560
561
564
565
566
568
571
572
573
575
576
584
587
589
590
591
592
593
594
595
596
597
598
601
605
606
607
608
609
610
611
613
615
616
620
622
623
624
625
626
628
631
634
636
637
639
640
642
644
649
653
656
657
665
666
670
671
672
673
674
677
678
681
682
689
691
693
694
695
696
698
699
703
704
706
709
711
712
713
717
718
720
722
723
724
726
728
730
734
736
737
738
740
741
744
748
750
754
755
760
766
767
771
772
774
778
781
784
786
788
789
791
792
793
794
796
797
798
799
800
801
808
811
813
821
822
825
827
839
841
842
844
845
848
850
852
853
859
866
867
868
869
870
871
875
876
880
887
891
892
894
895
897
898
899
901
906
907
911
913
917
920
922
924
926
929
930
932
934
935
939
941
950
951
952
954
956
957
963
965
968
977
985
987
991
992
997
998
1000
1001
1005
1007
1013
1017
1019
1020
1029
1030
1033
1035
1041
1042
1043
1044
1048
1058
1064
1066
1070
1078
1079
1080
1085
1086
1094
1099
1100
1104
1107
1118
1120
1121
1124
1125
1136
1137
1142
1147
1149
1150
1159
1160
1173
1175
1176
1177
1178
1183
1186
1192
1195
1205
1207
1212
1215
1219
1222
1232
1238
1245
1248
1249
1250
1256
1258
1259
1263
1265
1270
1271
1272
1276
1278
1280
1283
1287
1288
1289
1291
1297
1298
1299
1300
1302
1303
1305
1308
1311
1312
1314
1318
1322
1325
1326
1328
1332
1333
1335
1336
1338
1339
1340
1341
1342
1346
1348
1349
1350
1351
1352
1353
1354
1355
1356
1357
1358
1360
1364
1366
1367
1370
1371
1372
1373
1374
1375
1384
1386
1389
1390
1394
1395
1401
1404
1405
1406
1409
1412
1415
1416
1420
1422
1424
1425
1427
1430
1432
1433
1434
1435
1436
1437
1438
1439
1442
1443
1444
1445
1447
1448
1449
1453
1455
1457
1462
1463
1464
1465
1466
1470
1472
1477
1478
1479
1480
1481
1482
1488
1489
1490
1491
1495
1497
1499
1502
1504
1509
1511
1512
1516
1517
1518
1519
1521
1523
1528
1529
1531
1533
1534
1537
1539
1540
1543
1544
1546
1549
1552
1553
1554
1555
1558
1561
1562
1563
1564
1565
1567
1568
1572
1575
1577
1578
1581
1584
1585
1586
1588
1589
1595
1596
1600
1602
1603
1607
1608
1616
1617
1619
1621
1622
1623
1630
1634
1636
1639
1640
1643
1646
1648
1651
1654
1655
1657
1658
1661
1663
1665
1666
1670
1673
1674
1676
1681
1684
1686
1689
1691
1692
1693
1694
1696
1700
1703
1704
1705
1706
1707
1709
1710
1712
1713
1715
1717
1720
1732
1734
1736
1737
1738
1740
1741
1744
1745
1750
1752
1753
1757
1758
1760
1762
1767
1771
1774
1775
1777
1778
1780
1781
1782
1783
1784
1787
1792
1793
1795
1805
1807
1810
1811
1812
1816
1817
1819
1823
1829
1830
1832
1834
1837
1838
1839
1844
1846
1847
1848
1849
1851
1853
1854
1855
1858
1859
1860
1861
1863
1864
1865
1868
1873
1887
1888
1889
1891
1892
1893
1899
1903
1904
1909
1911
1914
1915
1917
1918
1919
1921
1923
1924
1925
1928
1931
1932
1934
1935
1937
1939
1940
1941
1945
1947
1950
1954
1955
1956
1958
1959
1960
1963
1965
1969
1971
1972
1977
1979
1981
1983
1987
1990
1992
1997
1999
2001
2003
2004
2011
2012
2014
2016
2017
2020
2021
2024
2032
2034
2037
2038
2039
2041
2043
2045
2047
2048
2049
2050
2051
2052
2053
2054
2058
2059
2060
2063
2064
2067
2070
2072
2075
2079
2080
2081
2083
2084
2085
2087
2090
2091
2092
2093
2097
2099
2100
2102
2104
2105
2110
2112
2114
2116
2119
2120
2124
2125
2130
2131
2132
2136
2140
2142
2143
2146
2154
2155
2158
2159
2160
2165
2166
2167
2168
2172
2173
2174
2177
2178
2181
2184
2185
2189
2190
2192
2196
2203
2205
2207
2210
2211
2214
2217
2219
2222
2223
2224
2226
2227
2228
2232
2235
2237
2238
2243
2244
2245
2247
2253
2255
2259
2262
2264
2267
2270
2275
2279
2282
2283
2284
2285
2287
2291
2292
2295
2296
2297
2300
2301
2309
2312
2313
2315
2318
2320
2322
2323
2324
2325
2328
2329
2330
2332
2334
2336
2338
2344
2346
2348
2351
2353
2356
2357
2360
2361
2364
2367
2369
2370
2372
2373
2379
2381
2385
2386
2388
2389
2391
2392
2393
2399
2403
2404
2405
2406
2407
2419
2428
2435
2436
2442
2445
2447
2457
2458
2460
2461
2466
2467
2470
2471
2472
2473
2474
2477
2478
2480
2482
2484
2486
2487
2493
2498
2500
2503
2506
2508
2514
2517
2518
2520
2522
2525
2529
2535
2551
2553
2557
2558
2564
2574
2577
2579
2583
2586
2592
2594
2595
2596
2597
2598
2602
2604
2605
2606
2609
2615
2618
2619
2620
2621
2624
2630
2635
2637
2640
2641
2644
2650
2651
2653
2655
2657
2662
2664
2668
2677
2678
2686
2702
2707
2710
2714
2720
2721
2723
2732
2733
2736
2737
2738
2741
2747
2748
2750
2753
2755
2756
2760
2763
2769
2772
2773
2774
2778
2779
2780
2783
2787
2788
2790
2791
2796
2797
2798
2799
2800
2801
2802
2803
2805
2806
2809
2810
2812
2813
2814
2815
2818
2819
2821
2824
2825
2826
2830
2831
2832
2833
2834
2835
2836
2838
2839
2842
2843
2845
2851
2857
2858
2860
2861
2862
2863
2867
2869
2872
2873
2874
2876
2877
2882
2887
2889
2890
2894
2895
2897
2901
2906
2907
2909
2912
2917
2922
2923
2924
2925
2926
2927
2933
2934
2938
2939
2941
2942
2943
2944
2945
2946
2948
2950
2951
2953
2954
2955
2956
2958
2959
2963
2965
2966
2970
2971
2972
2974
2975
2976
2981
2984
2987
2990
2991
2992
2994
2995
2996
3002
3003
3004
3007
3008
3010
3011
3012
3013
3015
3018
3020
3021
3023
3025
3026
3028
3030
3034
3035
3037
3038
3039
3042
3045
3046
3047
3048
3049
3052
3053
3054
3061
3062
3064
3066
3067
3070
3071
3072
3073
3077
3079
3081
3085
3086
3088
3090
3091
3092
3094
3096
3097
3098
3100
3104
3106
3109
3110
3111
3115
3116
3119
3121
3123
3124
3125
3128
3129
3130
3134
3139
3140
3141
3142
3143
3145
3147
3151
3152
3153
3158
3159
3160
3162
3163
3164
3165
3170
3183
3184
3185
3188
3190
3192
3193
3194
3196
3197
3202
3204
3214
3217
3218
3227
3228
3229
3231
3233
3236
3237
3238
3243
3248
3250
3252
3253
3254
3255
3261
3263
3264
3265
3276
3277
3278
3280
3281
3283
3285
3286
3287
3288
3292
3294
3298
3301
3302
3304
3305
3306
3313
3315
3316
3317
3318
3322
3324
3326
3329
3330
3331
3332
3333
3335
3336
3337
3338
3340
3341
3342
3344
3346
3347
3353
3355
3357
3363
3365
3366
3368
3372
3373
3374
3375
3376
3377
3378
3379
3386
3393
3394
3395
3403
3406
3407
3408
3413
3414
3418
3421
3429
3430
3431
3434
3437
3444
3445
3446
3447
3449
3450
3451
3454
3456
3459
3464
3469
3472
3482
3497
3501
3503
3504
3507
3516
3517
3518
3519
3526
3527
3528
3529
3531
3535
3537
3540
3542
3546
3548
3549
3550
3557
3558
3559
3563
3564
3565
3566
3570
3574
3576
3577
3578
3582
3584
3587
3590
3593
3595
3596
3597
3599
3602
3604
3605
3606
3609
3615
3616
3617
3619
3620
3621
3623
3627
3629
3631
3632
3634
3635
3641
3646
3648
3654
3655
3658
3662
3663
3664
3666
3669
3670
3674
3675
3677
3678
3679
3681
3682
3684
3685
3687
3688
3689
3694
3696
3697
3702
3704
3707
3709
3716
3718
3719
3720
3721
3724
3729
3730
3731
3732
3735
3736
3745
3747
3749
3752
3753
3754
3755
3756
3757
3761
3763
3764
3767
3777
3778
3786
3788
3789
3790
3801
3809
3811
3812
3815
3816
3819
3820
3822
3823
3826
3827
3830
3832
3835
3836
3837
3842
3846
3851
3852
3856
3857
3859
3860
3861
3867
3868
3871
3873
3876
3884
3885
3887
3888
3890
3900
3901
3904
3907
3909
3911
3912
3917
3923
3924
3926
3928
3930
3937
3938
3941
3944
3945
3946
3949
3950
3957
3964
3965
3966
3969
3972
3981
3982
3985
3987
3989
3994
3999
4000
4001
4002
4006
4007
4008
4014
4019
4020
4023
4025
4027
4032
4033
4034
4039
4040
4041
4042
4043
4044
4046
4047
4048
4049
4052
4053
4054
4060
4061
4064
4068
4069
4070
4080
4081
4083
4085
4088
4091
4093
4096
4098
4099
4103
4104
4106
4113
4116
4118
4122
4125
4127
4129
4132
4133
4135
4137
4139
4141
4142
4144
4146
4148
4150
4152
4153
4154
4155
4157
4160
4162
4163
4164
4169
4170
4171
4177
4178
4182
4183
4184
4187
4188
4191
4194
4198
4199
4201
4203
4206
4210
4215
4217
4218
4220
4225
4226
4227
4230
4233
4236
4240
4245
4246
4248
4251
4260
4262
4264
4265
4266
4267
4273
4276
4277
4283
4285
4286
4288
4289
4291
4293
4294
4295
4297
4300
4301
4302
4304
4305
4307
4310
4319
4320
4321
4323
4324
4325
4326
4328
4330
4332
4333
4335
4337
4339
4341
4342
4347
4354
4355
4356
4357
4359
4361
4364
4366
4369
4370
4372
4375
4376
4377
4378
4381
4386
4387
4389
4391
4392
4395
4396
4399
4400
4401
4402
4404
4406
4408
4411
4412
4414
4415
4417
4418
4420
4421
4423
4424
4425
4426
4431
4432
4438
4441
4448
4449
4451
4458
4463
4465
4466
4467
4468
4470
4472
4473
4474
4477
4480
4481
4482
4486
4489
4490
4492
4493
4496
4497
4499
4501
4504
4506
4507
4508
4510
4513
4514
4515
4516
4517
4519
4520
4521
4523
4527
4533
4536
4537
4540
4541
4547
4548
4549
4550
4551
4552
4555
4558
4560
4561
4562
4563
4564
4565
4566
4567
4568
4569
4574
4575
4576
4577
4578
4582
4583
4587
4591
4592
4596
4597
4599
4603
4605
4608
4610
4612
4614
4615
4616
4617
4618
4619
4620
4625
4627
4629
4631
4632
4634
4635
4637
4639
4642
4645
4646
4648
4651
4652
4653
4655
4658
4669
4672
4673
4674
4676
4677
4680
4681
4682
4686
4688
4690
4694
4695
4696
4698
4700
4701
4702
4704
4708
4710
4711
4713
4716
4717
4721
4722
4723
4724
4725
4729
4730
4733
4734
4735
4737
4738
4741
4742
4744
4747
4749
4751
4754
4755
4757
4759
4764
4765
4768
4770
4771
4772
4774
4779
4780
4783
4786
4789
4790
4791
4795
4797
4800
4806
4807
4809
4811
4814
4819
4820
4821
4822
4825
4827
4829
4831
4832
4833
4834
4837
4838
4839
4841
4842
4844
4845
4846
4847
4851
4854
4856
4857
4862
4863
4866
4867
4868
4869
4870
4872
4876
4880
4885
4887
4890
4891
4893
4894
4899
4900
4901
4903
4908
4909
4917
4918
4923
4925
4928
4929
4932
4934
4936
4937
4939
4943
4944
4946
4947
4948
4950
4951
4952
4954
4958
4961
4963
4965
4967
4968
4970
4971
4972
4973
4974
4977
4979
4980
4982
4986
4987
4988
4989
4995
4998
5000
5002
5005
5007
5010
5011
5013
5015
5017
5018
5019
5020
5021
5022
5024
5025
5026
5029
5030
5033
5034
5037
5038
5040
5041
5043
5044
5046
5049
5050
5052
5054
5055
5056
5058
5059
5062
5066
5069
5070
5071
5076
5081
5082
5083
5088
5089
5092
5093
5095
5099
5100
5104
5106
5107
5108
5109
5110
5113
5114
5115
5116
5117
5119
5120
5123
5128
5133
5136
5140
5144
5145
5146
5147
5148
5149
5152
5155
5156
5157
5159
5160
5163
5164
5166
5168
5170
5171
5174
5176
5178
5180
5181
5183
5189
5190
5192
5193
5194
5197
5199
5202
5205
5206
5207
5209
5211
5214
5216
5221
5224
5226
5230
5231
5234
5235
5236
5239
5241
5243
5245
5246
5247
5250
5251
5253
5254
5255
5257
5261
5265
5269
5270
5271
5272
5273
5275
5276
5280
5281
5282
5284
5286
5288
5290
5293
5299
5300
5304
5309
5310
5312
5313
5315
5316
5317
5323
5324
5327
5328
5329
5332
5333
5335
5337
5339
5341
5345
5346
5351
5352
5354
5359
5362
5363
5365
5367
5368
5372
5373
5375
5376
5380
5384
5385
5387
5389
5391
5392
5393
5394
5397
5398
5399
5400
5402
5403
5404
5407
5411
5412
5413
5415
5416
5418
5419
5420
5421
5422
5423
5425
5426
5427
5429
5432
5434
5435
5436
5437
5441
5442
5445
5448
5449
5451
5452
5453
5455
5457
5458
5460
5461
5462
5464
5465
5467
5469
5470
5471
5472
5473
5476
5478
5484
5485
5486
5491
5492
5493
5494
5495
5497
5499
5504
5505
5511
5513
5517
5523
5525
5526
5527
5528
5531
5532
5533
5534
5535
5537
5546
5551
5554
5556
5561
5563
5566
5567
5570
5572
5573
5574
5576
5577
5578
5579
5581
5582
5584
5585
5586
5588
5589
5591
5592
5597
5600
5602
5603
5604
5605
5607
5608
5610
5612
5613
5614
5619
5620
5622
5624
5626
5628
5630
5632
5634
5635
5636
5637
5638
5639
5640
5641
5642
5644
5647
5648
5651
5654
5656
5657
5664
5665
5667
5669
5670
5671
5672
5674
5675
5677
5678
5681
5682
5684
5687
5694
5695
5697
5700
5704
5706
5707
5709
5711
5712
5717
5722
5723
5724
5725
5728
5729
5733
5734
5736
5737
5741
5742
5744
5745
5754
5756
5758
5759
5760
5763
5764
5766
5767
5768
5769
5770
5774
5776
5777
5781
5787
5788
5790
5791
5794
5797
5799
5802
5804
5806
5807
5809
5811
5812
5815
5816
5819
5820
5822
5824
5825
5826
5827
5829
5830
5834
5835
5839
5840
5841
5842
5843
5844
5851
5854
5855
5856
5858
5861
5864
5868
5869
5870
5871
5872
5874
5878
5879
5880
5884
5888
5892
5893
5894
5899
5902
5907
5908
5910
5913
5914
5915
5918
5920
5921
5922
5923
5926
5931
5932
5935
5939
5946
5947
5949
5950
5953
5954
5956
5957
5958
5959
5960
5962
5963
5964
5965
5966
5968
5969
5970
5971
5972
5974
5975
5977
5986
5988
5989
5990
5993
5994
5997
5998
5999
6002
6003
6005
6006
6008
6017
6021
6028
6030
6031
6033
6035
6036
6037
6039
6041
6042
6044
6046
6047
6052
6055
6057
6058
6060
6061
6063
6065
6069
6070
6071
6072
6073
6076
6078
6081
6083
6085
6087
6089
6091
6092
6095
6097
6098
6099
6103
6105
6106
6108
6109
6110
6114
6116
6117
6118
6119
6121
6125
6127
6131
6133
6134
6137
6138
6140
6141
6144
6147
6148
6150
6156
6157
6160
6162
6163
6167
6178
6180
6181
6184
6186
6187
6189
6191
6193
6194
6195
6197
6199
6201
6202
6205
6208
6211
6213
6218
6219
6220
6221
6224
6226
6227
6228
6229
6230
6231
6235
6236
6237
6238
6240
6241
6242
6243
6247
6249
6253
6255
6263
6266
6271
6274
6275
6277
6278
6280
6282
6285
6286
6288
6289
6292
6293
6294
6296
6300
6303
6306
6307
6308
6310
6312
6314
6315
6317
6318
6320
6325
6328
6330
6331
6334
6337
6338
6344
6345
6346
6347
6349
6351
6354
6355
6356
6358
6361
6362
6363
6368
6369
6370
6371
6373
6374
6375
6378
6380
6381
6382
6385
6387
6389
6390
6392
6394
6396
6397
6398
6400
6401
6403
6406
6407
6409
6410
6412
6413
6414
6418
6419
6421
6425
6426
6428
6429
6431
6433
6434
6436
6437
6438
6440
6441
6443
6445
6447
6450
6451
6456
6459
6461
6463
6464
6467
6469
6470
6471
6472
6473
6475
6476
6479
6480
6482
6483
6485
6490
6492
6494
6498
6499
6502
6503
6512
6513
6517
6522
6523
6524
6525
6527
6528
6533
6535
6536
6538
6539
6540
6541
6542
6545
6546
6547
6550
6552
6555
6556
6558
6560
6562
6567
6571
6572
6573
6574
6575
6576
6578
6581
6582
6583
6587
6594
6598
6599
6600
6601
6603
6605
6606
6609
6611
6612
6613
6616
6618
6619
6620
6622
6623
6624
6627
6628
6629
6631
6632
6637
6638
6639
6642
6646
6648
6649
6651
6652
6653
6655
6656
6657
6658
6660
6662
6663
6664
6665
6669
6670
6671
6672
6676
6677
6680
6687
6688
6692
6694
6696
6699
6700
6701
6702
6705
6707
6708
6711
6714
6715
6716
6719
6721
6723
6724
6725
6727
6735
6738
6740
6743
6744
6748
6752
6756
6757
6758
6761
6762
6764
6765
6767
6769
6770
6772
6774
6775
6776
6778
6779
6780
6782
6783
6784
6785
6786
6787
6789
6792
6796
6801
6804
6807
6808
6815
6816
6824
6828
6829
6830
6831
6832
6833
6835
6837
6838
6845
6851
6852
6853
6854
6855
6857
6861
6864
6865
6867
6869
6871
6873
6874
6876
6877
6879
6880
6883
6886
6887
6891
6892
6894
6897
6898
6901
6902
6904
6906
6907
6909
6910
6918
6919
6921
6922
6924
6926
6927
6930
6935
6938
6940
6943
6945
6950
6955
6958
6959
6960
6963
6964
6965
6969
6970
6975
6978
6979
6980
6981
6983
6988
6990
6991
6993
6994
6995
6999
7000
7002
7004
7005
7007
7008
7009
7010
7011
7013
7014
7015
7016
7017
7018
7019
7021
7022
7024
7025
7027
7030
7032
7033
7034
7036
7037
7042
7043
7044
7046
7050
7051
7052
7054
7055
7057
7061
7064
7068
7069
7070
7071
7075
7076
7077
7078
7079
7080
7081
7082
7083
7086
7088
7091
7092
7093
7094
7096
7097
7099
7101
7104
7105
7106
7107
7111
7112
7113
7114
7115
7117
7119
7120
7121
7122
7125
7131
7132
7133
