8
14
17
21
23
27
35
37
41
44
46
51
58
62
64
65
68
87
93
98
100
102
104
111
116
117
119
120
122
132
134
138
147
152
153
156
158
159
162
163
165
167
168
173
175
176
189
194
195
235
245
246
259
264
266
269
275
281
283
287
290
294
298
299
300
301
306
312
314
316
335
348
360
370
374
379
380
393
405
410
414
415
422
434
440
445
451
473
481
489
491
505
510
519
537
555
559
560
564
606
615
639
642
653
663
681
682
689
704
709
723
724
737
799
811
834
858
892
899
907
913
933
951
952
956
963
1000
1007
1030
1147
1212
1256
1258
1261
1265
1267
1276
1284
1289
1291
1293
1298
1299
1300
1304
1309
1322
1323
1326
1328
1331
1332
1337
1346
1351
1353
1354
1355
1366
1386
1389
1392
1405
1406
1409
1417
1420
1425
1426
1434
1442
1450
1451
1455
1466
1477
1478
1479
1480
1481
1488
1492
1497
1498
1499
1501
1511
1521
1522
1523
1524
1525
1536
1541
1544
1552
1553
1554
1557
1563
1564
1565
1577
1585
1589
1593
1595
1596
1600
1602
1608
1616
1617
1619
1626
1636
1654
1657
1658
1660
1665
1666
1670
1676
1693
1696
1700
1703
1709
1710
1715
1731
1734
1737
1744
1751
1778
1795
1805
1807
1810
1825
1847
1849
1854
1860
1862
1868
1870
1887
1892
1910
1915
1918
1919
1921
1932
1937
1947
1971
1977
1979
1984
1992
1997
2003
2004
2010
2012
2031
2032
2041
2050
2053
2058
2061
2075
2083
2084
2087
2097
2110
2117
2119
2133
2136
2149
2203
2214
2223
2245
2282
2320
2323
2325
2339
2340
2348
2351
2355
2367
2370
2408
2442
2447
2461
2470
2471
2477
2490
2493
2503
2514
2594
2605
2612
2640
2641
2657
2663
2737
2779
2780
2783
2795
2796
2797
2805
2812
2813
2815
2816
2821
2824
2825
2832
2835
2842
2851
2854
2861
2863
2865
2872
2873
2885
2890
2905
2912
2914
2922
2923
2935
2938
2943
2951
2955
2966
2971
2996
3016
3018
3020
3026
3038
3045
3047
3049
3057
3064
3081
3085
3086
3110
3112
3125
3127
3140
3153
3170
3175
3178
3193
3250
3277
3293
3315
3317
3336
3378
3413
3429
3524
3527
3533
3540
3547
3548
3550
3562
3565
3566
3570
3571
3574
3575
3580
3584
3595
3600
3602
3623
3626
3627
3629
3637
3641
3648
3655
3658
3659
3662
3664
3674
3675
3679
3680
3720
3730
3756
3757
3764
3775
3776
3778
3780
3799
3804
3807
3809
3819
3829
3831
3835
3836
3842
3846
3848
3855
3857
3860
3861
3873
3874
3877
3879
3887
3891
3894
3904
3914
3917
3923
3938
3945
3949
3951
3961
3963
3964
3969
3979
3985
3989
3997
3998
4000
4001
4006
4019
4021
4023
4040
4041
4044
4047
4050
4053
4055
4060
4070
4073
4080
4088
4089
4098
4101
4104
4108
4125
4127
4133
4137
4138
4148
4152
4153
4155
4167
4171
4178
4191
4201
4206
4211
4215
4216
4228
4230
4233
4238
4249
4257
4267
4279
4282
4291
4294
4295
4298
4300
4307
4312
4322
4335
4341
4347
4357
4364
4369
4375
4376
4382
4386
4389
4393
4400
4403
4407
4414
4415
4417
4423
4426
4440
4446
4457
4462
4466
4472
4476
4479
4496
4508
4513
4530
4550
4552
4559
4560
4565
4567
4568
4569
4574
4578
4579
4590
4592
4597
4605
4610
4611
4612
4614
4615
4616
4620
4622
4629
4632
4642
4644
4648
4671
4676
4680
4686
4687
4711
4719
4724
4726
4729
4730
4731
4741
4742
4746
4749
4751
4763
4775
4786
4790
4795
4804
4808
4814
4821
4829
4831
4832
4837
4839
4842
4845
4847
4851
4860
4880
4887
4891
4899
4915
4917
4919
4931
4932
4935
4937
4945
4947
4950
4953
4961
4963
4967
4972
4974
4982
4983
4985
4988
4992
4998
5013
5018
5020
5024
5025
5028
5029
5030
5036
5037
5039
5040
5041
5042
5054
5058
5062
5070
5079
5085
5099
5106
5114
5115
5116
5123
5124
5136
5137
5140
5141
5146
5149
5152
5156
5159
5172
5178
5180
5183
5199
5203
5205
5206
5213
5221
5222
5234
5235
5239
5240
5241
5246
5250
5256
5265
5266
5270
5271
5272
5277
5278
5288
5290
5299
5322
5324
5337
5343
5362
5364
5384
5398
5400
5412
5419
5425
5429
5442
5444
5448
5450
5451
5462
5473
5475
5484
5486
5503
5511
5513
5518
5523
5527
5535
5550
5572
5599
5602
5604
5605
5608
5626
5631
5632
5634
5641
5642
5648
5650
5656
5657
5659
5667
5671
5678
5681
5691
5695
5703
5710
5717
5725
5726
5728
5730
5736
5741
5747
5748
5760
5767
5780
5804
5809
5812
5820
5821
5829
5836
5840
5843
5849
5851
5871
5889
5890
5910
5913
5926
5929
5951
5958
5979
5998
6002
6004
6021
6028
6030
6032
6039
6066
6071
6074
6085
6092
6105
6109
6116
6121
6131
6137
6148
6160
6162
6167
6169
6170
6173
6181
6184
6189
6191
6194
6201
6205
6208
6213
6225
6230
6247
6277
6279
6280
6282
6286
6302
6308
6312
6317
6318
6326
6331
6335
6341
6344
6346
6349
6350
6354
6355
6363
6370
6375
6378
6382
6393
6398
6399
6439
6444
6453
6472
6474
6479
6483
6488
6489
6490
6505
6517
6539
6547
6549
6552
6562
6574
6577
6579
6584
6598
6615
6617
6619
6626
6651
6669
6671
6688
6692
6700
6714
6718
6725
6743
6752
6772
6780
6782
6784
6799
6808
6814
6830
6832
6833
6853
6858
6879
6886
6902
6916
6918
6919
6936
6939
6942
6943
6946
6964
6991
6993
6994
7021
7032
7041
7047
7051
7073
7081
7093
7099
7107
7113
7115
7117
7125
