2
4
7
15
20
31
34
36
38
39
40
43
55
60
66
74
78
88
99
105
112
114
121
129
130
135
141
166
178
182
202
203
206
212
242
262
278
307
346
401
402
409
426
429
515
603
604
763
816
824
826
1009
1014
1148
1157
1228
1237
1257
1262
1282
1285
1286
1292
1295
1301
1307
1310
1315
1316
1317
1319
1320
1324
1330
1345
1359
1368
1369
1377
1381
1387
1388
1391
1396
1397
1418
1423
1452
1454
1456
1458
1459
1461
1471
1485
1500
1505
1508
1510
1513
1514
1526
1527
1530
1535
1542
1545
1551
1556
1559
1560
1571
1579
1582
1609
1612
1620
1627
1637
1647
1649
1662
1677
1690
1718
1729
1779
1785
1786
1794
1796
1808
1820
1821
1822
1828
1875
1927
1946
1988
1994
2040
2069
2088
2098
2103
2107
2141
2151
2198
2230
2294
2321
2326
2335
2343
2374
2383
2387
2401
2416
2420
2432
2433
2439
2444
2451
2455
2456
2634
2673
2781
2784
2807
2828
2846
2849
2850
2868
2875
2899
2937
3017
3191
3245
3420
3513
3515
3523
3530
3532
3538
3551
3552
3553
3554
3555
3556
3561
3568
3569
3572
3573
3581
3586
3591
3598
3601
3608
3610
3614
3618
3622
3628
3638
3643
3652
3656
3657
3665
3667
3671
3672
3683
3686
3691
3700
3703
3706
3712
3728
3734
3744
3748
3751
3758
3759
3765
3768
3769
3771
3772
3773
3774
3781
3783
3784
3785
3792
3793
3794
3800
3805
3817
3825
3834
3841
3843
3845
3847
3850
3862
3863
3875
3878
3882
3883
3886
3892
3893
3895
3902
3903
3905
3906
3913
3916
3921
3922
3927
3935
3936
3939
3940
3948
3954
3955
3956
3958
3959
3960
3962
3967
3968
3970
3971
3973
3974
3975
3976
3977
3978
3980
3983
3984
3988
3991
3992
3993
3995
3996
4003
4004
4005
4009
4010
4012
4013
4015
4017
4024
4030
4031
4036
4037
4038
4065
4066
4067
4071
4072
4074
4075
4079
4100
4105
4117
4121
4123
4124
4126
4128
4130
4131
4136
4143
4151
4156
4159
4165
4166
4173
4179
4205
4208
4212
4224
4229
4231
4232
4237
4239
4242
4243
4244
4247
4250
4255
4258
4263
4275
4296
4299
4309
4334
4336
4344
4345
4350
4353
4363
4371
4374
4385
4388
4394
4416
4422
4429
4430
4433
4436
4442
4443
4461
4478
4494
4498
4511
4512
4518
4528
4529
4531
4532
4535
4538
4542
4543
4545
4546
4554
4557
4571
4572
4586
4588
4593
4594
4598
4604
4607
4638
4647
4654
4657
4660
4661
4662
4663
4664
4665
4666
4670
4675
4693
4703
4707
4709
4761
4762
4767
4773
4784
4816
4818
4826
4830
4850
4853
4855
4874
4877
4886
4889
4896
4898
4904
4913
4914
4924
4949
4955
4957
4994
5008
5014
5016
5027
5031
5032
5035
5048
5053
5057
5060
5064
5068
5072
5080
5084
5087
5091
5094
5098
5121
5127
5130
5132
5135
5139
5150
5153
5154
5158
5162
5165
5167
5182
5184
5186
5201
5204
5208
5210
5212
5218
5223
5232
5244
5259
5263
5274
5292
5294
5295
5297
5302
5305
5319
5320
5321
5325
5334
5344
5395
5410
5428
5433
5439
5443
5477
5481
5488
5520
5522
5524
5536
5545
5559
5565
5643
5649
5653
5660
5666
5679
5696
5715
5716
5755
5762
5783
5784
5808
5817
5853
5862
5885
5906
5909
5952
5955
6000
6014
6018
6026
6048
6050
6059
6079
6115
6122
6123
6139
6196
6203
6204
6232
6234
6276
6295
6297
6298
6309
6311
6313
6322
6323
6329
6342
6367
6377
6395
6405
6411
6432
6446
6452
6477
6478
6486
6491
6501
6506
6510
6530
6537
6543
6544
6570
6604
6610
6621
6630
6636
6641
6666
6668
6681
6693
6697
6703
6710
6731
6742
6745
6794
6848
6849
6914
6920
6972
6973
6992
7026
7049
7059
2
4
7
15
20
31
34
36
38
39
40
43
55
60
66
74
78
88
99
105
112
114
121
129
130
135
141
166
178
182
202
203
206
212
242
262
278
307
346
401
402
409
426
429
515
603
604
763
816
824
826
1009
1014
1148
1157
1228
1237
1257
1262
1282
1285
1286
1292
1295
1301
1307
1310
1315
1316
1317
1319
1320
1324
1330
1345
1359
1368
1369
1377
1381
1387
1388
1391
1396
1397
1418
1423
1452
1454
1456
1458
1459
1461
1471
1485
1500
1505
1508
1510
1513
1514
1526
1527
1530
1535
1542
1545
1551
1556
1559
1560
1571
1579
1582
1609
1612
1620
1627
1637
1647
1649
1662
1677
1690
1718
1729
1779
1785
1786
1794
1796
1808
1820
1821
1822
1828
1875
1927
1946
1988
1994
2040
2069
2088
2098
2103
2107
2141
2151
2198
2230
2294
2321
2326
2335
2343
2374
2383
2387
2401
2416
2420
2432
2433
2439
2444
2451
2455
2456
2634
2673
2781
2784
2807
2828
2846
2849
2850
2868
2875
2899
2937
3017
3191
3245
3420
3513
3515
3523
3530
3532
3538
3551
3552
3553
3554
3555
3556
3561
3568
3569
3572
3573
3581
3586
3591
3598
3601
3608
3610
3614
3618
3622
3628
3638
3643
3652
3656
3657
3665
3667
3671
3672
3683
3686
3691
3700
3703
3706
3712
3728
3734
3744
3748
3751
3758
3759
3765
3768
3769
3771
3772
3773
3774
3781
3783
3784
3785
3792
3793
3794
3800
3805
3817
3825
3834
3841
3843
3845
3847
3850
3862
3863
3875
3878
3882
3883
3886
3892
3893
3895
3902
3903
3905
3906
3913
3916
3921
3922
3927
3935
3936
3939
3940
3948
3954
3955
3956
3958
3959
3960
3962
3967
3968
3970
3971
3973
3974
3975
3976
3977
3978
3980
3983
3984
3988
3991
3992
3993
3995
3996
4003
4004
4005
4009
4010
4012
4013
4015
4017
4024
4030
4031
4036
4037
4038
4065
4066
4067
4071
4072
4074
4075
4079
4100
4105
4117
4121
4123
4124
4126
4128
4130
4131
4136
4143
4151
4156
4159
4165
4166
4173
4179
4205
4208
4212
4224
4229
4231
4232
4237
4239
4242
4243
4244
4247
4250
4255
4258
4263
4275
4296
4299
4309
4334
4336
4344
4345
4350
4353
4363
4371
4374
4385
4388
4394
4416
4422
4429
4430
4433
4436
4442
4443
4461
4478
4494
4498
4511
4512
4518
4528
4529
4531
4532
4535
4538
4542
4543
4545
4546
4554
4557
4571
4572
4586
4588
4593
4594
4598
4604
4607
4638
4647
4654
4657
4660
4661
4662
4663
4664
4665
4666
4670
4675
4693
4703
4707
4709
4761
4762
4767
4773
4784
4816
4818
4826
4830
4850
4853
4855
4874
4877
4886
4889
4896
4898
4904
4913
4914
4924
4949
4955
4957
4994
5008
5014
5016
5027
5031
5032
5035
5048
5053
5057
5060
5064
5068
5072
5080
5084
5087
5091
5094
5098
5121
5127
5130
5132
5135
5139
5150
5153
5154
5158
5162
5165
5167
5182
5184
5186
5201
5204
5208
5210
5212
5218
5223
5232
5244
5259
5263
5274
5292
5294
5295
5297
5302
5305
5319
5320
5321
5325
5334
5344
5395
5410
5428
5433
5439
5443
5477
5481
5488
5520
5522
5524
5536
5545
5559
5565
5643
5649
5653
5660
5666
5679
5696
5715
5716
5755
5762
5783
5784
5808
5817
5853
5862
5885
5906
5909
5952
5955
6000
6014
6018
6026
6048
6050
6059
6079
6115
6122
6123
6139
6196
6203
6204
6232
6234
6276
6295
6297
6298
6309
6311
6313
6322
6323
6329
6342
6367
6377
6395
6405
6411
6432
6446
6452
6477
6478
6486
6491
6501
6506
6510
6530
6537
6543
6544
6570
6604
6610
6621
6630
6636
6641
6666
6668
6681
6693
6697
6703
6710
6731
6742
6745
6794
6848
6849
6914
6920
6972
6973
6992
7026
7049
7059
