13396
13470
13532
11322
5326
13793
13901
14607
2284
12868
12855
15691
15781
12533
16627
8452
17040
11380
17887
810
18686
18909
19266
19721
19694
19758
20532
20881
21667
22362
18279
23019
23090
21334
23607
13718
25127
5503
26497
22899
27190
29811
30075
30197
292
419
569
638
1153
1269
1281
1357
1644
1775
2143
2198
2458
2575
2644
2733
2541
2993
3433
3543
3644
35
4386
4742
4778
5357
5443
5557
5540
6043
6088
6169
6208
6143
3599
6653
6111
6613
6766
6782
6865
3065
7319
7359
5698
7527
7587
7597
7649
7949
7998
8038
8353
8416
6134
8557
8848
8895
9096
9120
9233
9236
9297
9443
9628
10206
10451
10465
10706
10895
10914
5511
863
11103
11477
6878
8360
6112
4112
12204
12438
12485
8110
4964
13818
5737
12147
3472
15010
10207
9083
15854
15887
16135
16791
17009
17660
17931
18378
14558
3873
5304
20391
17502
20973
8357
9190
545
23231
14955
12578
23464
24761
5601
15145
25319
15222
26333
27200
27281
1525
11529
30301
31044
116
434
574
579
646
738
1695
1756
1768
1945
1956
1961
1995
2030
2062
2086
2567
2568
2830
3002
3114
3179
3284
3590
3537
3625
3849
3871
3886
4088
4749
4936
4980
2542
5197
3222
5536
5548
5570
5589
3043
3141
5695
5887
5903
5976
6039
6087
6162
6168
6270
6339
6385
6463
6478
6529
6732
6733
6768
1928
6892
5277
7929
7952
8142
4412
6115
8443
5835
8963
9023
9061
3598
9288
6137
9495
9614
9647
9683
10299
10385
10432
10661
10825
5246
3491
11226
11439
11719
11766
11849
11870
11952
10643
1922
12552
12644
12605
12642
12661
8660
12892
13464
1732
7069
14921
15048
15097
6415
15596
4235
12681
16552
16622
15511
11190
16848
18317
1666
1669
18737
15323
19405
19483
16090
11181
10716
19704
19923
17456
16200
21480
21966
15357
13321
17883
19352
27035
12986
23631
27551
27557
28654
424
570
654
1003
1023
1182
2131
2386
2490
2586
2787
2885
2921
3086
3196
3286
3335
3325
3746
3795
4067
3846
3991
4005
3941
4296
4364
4367
4409
4968
5292
5383
5396
5496
5560
5599
4227
5328
5706
6038
6331
6499
6763
6781
6840
6849
4377
7295
7370
6287
6938
7717
7806
8092
8355
8408
8414
8524
8858
4348
8876
8914
9402
9439
2683
10199
10239
4132
10325
2549
10757
10909
11886
12000
12049
12064
12294
11099
12202
12339
12651
9549
12820
12824
13323
13468
13812
10967
14420
14644
11187
149
14908
5685
15147
15279
15246
15382
15398
404
15866
15918
16010
16197
16275
16554
18592
18928
9558
7834
5316
19224
19487
3421
20090
20424
20442
21062
21624
5714
23704
19210
24384
16766
25104
22580
20658
25617
16529
26858
27489
28613
29866
23636
405
573
724
1266
1289
1373
1499
1514
1612
2005
2015
2082
2184
204
2255
2270
2306
2318
2416
2421
2631
2674
2746
3205
3376
3385
3432
3436
3613
3826
4389
4922
845
4892
5154
5237
1678
3170
5933
5962
5980
6094
1492
6221
6275
6343
6501
6589
2098
2211
6970
7178
6997
7004
7140
7213
7221
7373
7506
7567
7575
7711
5787
7673
7976
8379
8424
8926
7663
9309
9409
9679
9752
10058
7278
9923
7778
6433
10911
11164
11339
11502
11598
11608
11568
11675
7594
12002
12197
12738
12805
12965
7827
13297
13575
1681
14641
10608
14850
14855
6895
11914
15899
15913
16118
16506
16508
16881
2223
17135
13895
17524
12159
18303
2657
18850
18931
12964
19136
19697
546
20005
20017
20092
20217
20292
20472
20565
17494
21457
22043
20856
15534
21675
22209
23136
15353
5505
23737
22937
25667
26042
25067
11393
26412
27116
27555
27705
26613
28811
29088
577
578
1037
1049
1125
1186
1250
1291
1328
1344
1507
1517
1773
1788
2125
2608
2670
2110
2899
2911
2998
3153
3321
3585
3569
3721
3711
3772
3959
3979
4037
4316
4354
4404
4425
4549
4680
900
5144
5173
5107
5232
5667
2204
4589
5700
5941
5969
5996
6009
6024
6163
6141
6325
6374
6484
6488
6537
6568
6579
6731
5239
6441
6884
6929
7337
7489
7496
7812
7922
7979
8061
8083
8207
6966
8303
2721
8393
8411
8666
8732
3771
8949
9071
9149
4946
9167
9426
9498
6624
9471
9520
9631
9634
9635
9753
9777
9815
9868
10113
10091
6446
10424
10541
10522
10802
10833
10902
11006
1934
11280
11355
11400
1710
11481
9200
12266
12203
5716
13184
13216
13485
9552
13824
11011
14079
14530
12748
10213
15096
15132
15332
15402
7440
15855
12585
15953
9993
10865
16333
980
14083
16648
16850
17638
18393
18866
18960
19342
19369
13004
12156
12423
19921
19983
20519
17519
20127
21472
21722
21974
22022
22035
22093
22135
11017
22225
22726
23353
14982
24175
18882
25054
25024
25312
19354
21476
25847
7262
25245
26040
26222
26418
26475
26720
25076
28232
23577
27700
395
440
529
652
1280
1295
1408
1469
1693
1769
1805
1889
1379
2149
2437
2475
2501
2704
2105
2108
2854
2088
3217
3232
3263
3299
3627
3685
3971
3998
4032
4445
4530
4695
4779
4783
5012
5026
5228
5375
5377
5315
5281
5672
5836
5861
5918
5963
5977
6190
6244
4479
6411
6455
6497
6538
6570
6647
6716
6776
6859
6943
7530
7533
7570
7870
7992
8745
8782
8952
8979
9097
9344
9248
3467
1906
9599
9639
9641
10247
7776
10415
10504
10521
10525
10528
10808
10905
10984
11032
11107
11201
4571
6118
11519
11639
9232
11866
11873
2227
11987
1542
12216
12271
8710
6552
12734
12771
12803
13058
13117
13187
8129
13428
14171
14288
14337
14433
14684
14853
14795
9926
15163
15287
15672
15682
15775
15843
10214
11521
3898
16711
2522
16841
16875
16983
17063
14948
12151
17599
17725
18014
18043
18379
18645
18647
18888
11446
19385
9536
19561
17643
9794
20347
20936
14550
22006
22638
5492
23060
23380
10860
24769
24919
11657
5261
14071
25680
2039
26202
25389
26487
25606
22546
26511
16086
18430
27346
19668
13887
28039
28394
28537
29344
28399
122
414
802
936
1077
1340
663
901
1753
1836
1986
1994
2029
2398
2109
2756
2821
3021
3075
3191
3361
3552
3575
2111
3833
3948
4161
4186
4198
4244
4385
4388
4453
4514
4516
4525
4554
2106
4712
919
992
4983
4992
5002
5033
5062
5175
5177
5268
5409
5624
5701
5900
5955
5993
6044
6145
6147
3761
6219
6467
6476
6562
6567
6599
6637
6728
7170
7099
7514
7538
7801
7970
7074
8269
8261
1931
8463
8731
8738
1630
8918
8625
9157
9218
9316
6436
9424
3227
8132
8799
5272
9911
5510
10209
10387
9930
898
10901
11004
7214
11060
11219
5808
11397
4965
9162
11869
11889
12205
12244
12697
12704
12024
12924
5052
13185
13200
13337
13441
13482
13497
13549
13674
13736
19
13779
13839
13865
5745
14325
14531
14642
1376
13375
14830
9217
6990
15075
15026
15099
15286
15253
15387
15389
11501
15654
14445
15786
15815
6559
16297
16386
16556
17503
12429
18021
14504
18316
6550
18662
7451
19236
1645
19326
19630
16229
17674
20076
20293
20405
20483
20507
20538
3881
3884
21181
15681
21442
21569
18262
21662
837
14465
23191
5463
23872
23991
24186
24457
24678
25341
25595
10728
25856
16528
26365
11569
17042
26817
26841
19897
27701
27864
16533
28337
17934
721
814
1204
1209
1220
1331
1361
1474
1504
1602
1754
1898
1949
1950
2164
2574
2661
2744
2938
3003
3103
3356
3484
3623
3715
3718
3733
3784
3975
4023
4151
4156
3675
124
4442
4467
4503
4529
21
4672
4895
4917
4934
1733
4953
5022
5041
5221
5447
5445
5591
4233
5884
6097
6357
6366
6394
6495
6928
6957
4658
7128
5656
7332
7349
7379
7380
7535
7655
7930
8217
8280
8384
8450
8454
8764
8117
5108
8853
8896
8951
8983
8995
9015
9030
9044
4415
9280
9418
6545
9616
9620
9699
8658
9867
10090
10120
5044
5819
10180
10234
10273
10420
10434
4652
10628
10668
10704
10724
10754
10915
10930
11111
11114
11157
8901
11547
11901
9795
12268
12363
12527
6539
12586
12590
12790
12556
7744
10861
6622
13324
13419
13722
13731
13792
13852
4483
14116
12129
14331
14457
14516
11739
3104
14699
794
14975
5472
15102
3297
15746
16124
16304
16579
16810
10479
16879
16908
17235
17381
17498
13982
11814
9235
12878
16384
14556
1653
18691
19358
19450
6449
19564
19601
3410
19900
19910
3420
20244
20373
20414
14993
21562
21988
22040
22048
9786
22805
22819
17097
23008
16853
20062
23430
20755
24371
24659
1699
23623
25026
25353
25426
25224
17835
26317
26224
11185
18257
24505
27144
27146
27197
3738
14678
27526
27605
19392
28646
30432
31790
265
416
489
1199
1321
1338
1351
1400
1444
1841
1969
1973
2166
2196
2199
2321
2354
2355
2350
2570
2632
2579
2103
2807
2918
2850
2889
2937
2944
2260
702
3230
3333
3785
3790
3807
3824
4019
4054
4104
4184
4345
4353
4391
4511
4524
4693
4764
4990
5017
5155
5191
4971
5215
5393
5347
5370
5400
5451
5577
5526
3498
5564
5680
5848
5867
5973
6075
6100
6277
6468
6481
6485
6759
6758
6792
6915
7104
7167
7239
7330
3848
7494
7563
7911
8023
8028
8056
8139
8311
8383
8456
8459
8461
8498
8575
8798
2692
8894
8906
8924
1426
9253
9269
3741
9425
9583
9748
8113
6236
9959
10126
10169
10182
10194
10284
4133
3942
9925
10674
10689
10703
10781
10834
10835
10900
10985
11057
11304
11314
11319
11269
11552
11585
11778
11837
6382
11902
11975
9237
12056
12209
10664
10398
12481
12637
12638
12653
12920
13116
13125
13179
13217
13515
11097
13565
13676
13750
13826
13998
14525
14540
14647
14683
14918
14946
15083
15017
15018
15020
15064
15087
9374
7438
15406
4664
15583
12910
16072
16631
16649
2206
16901
9208
10733
17158
17169
17190
17375
17440
15724
17510
8993
17818
11388
17956
6558
7070
17831
1672
6927
14230
129
18915
19045
17795
3315
15427
19099
19733
15726
20413
20434
15369
20512
12688
20687
20905
20934
21023
17068
21193
21213
21653
22053
22108
22092
18505
17651
23200
23208
23395
23476
13173
23889
24456
23790
24796
25459
25513
8566
18057
26380
5123
18539
7323
27578
27703
29724
20339
29911
30278
31583
79
241
303
304
1045
1132
1246
1333
1336
1604
1957
2071
2177
2345
2394
2422
2456
2584
2594
2634
921
2101
2738
2814
2844
2892
2908
2923
2724
3079
3197
3279
3519
3561
3567
3689
3776
3136
4068
4081
4222
4506
4531
4542
4781
4908
5004
5016
5037
5038
5255
2652
5410
5542
5571
5683
5883
5927
5934
5966
5986
5989
6057
6099
6174
6253
2762
6362
4437
6457
6638
6767
6778
4947
5151
6907
7176
7003
7253
7474
7551
7675
7857
7980
8236
8386
8388
8427
8510
5707
5754
8851
8877
8941
8953
9028
9043
9140
9283
9462
4597
9799
9952
10009
10197
10257
10543
10550
10545
3112
10642
10401
10767
10798
10823
10803
11031
11220
5483
11208
11221
6450
11554
6879
11835
11910
7880
11990
11959
12299
9655
12227
12389
12501
4223
12628
12649
11138
12884
12958
13209
10702
4967
13444
2791
6296
13756
6124
14242
11881
14236
14282
991
14524
12125
14800
13480
5673
219
10892
1937
15250
15288
13845
15674
11449
15747
15819
16011
16008
15178
16104
16505
13486
16709
9171
5825
7608
17210
17223
6992
17557
17587
17639
17800
10330
17920
18301
18401
13176
18687
18697
18713
5495
8586
19048
18884
19720
14084
19810
6791
20006
17074
11912
19858
20198
20235
20300
20526
14960
20536
16665
11395
15587
21127
16899
18549
21634
21711
4548
21746
7785
17393
9989
21463
23172
15816
5464
24099
18524
24297
24353
3902
24877
3058
16864
25277
25393
25428
25152
26298
16478
8111
27145
27181
15623
27902
28313
26881
28653
28694
28808
7757
29029
27704
24459
29687
66
138
492
584
753
766
773
17
1149
1268
1318
1391
1395
1454
1508
1746
2085
2172
2305
2313
2338
2400
0
2805
3115
3148
3272
3282
3515
192
3674
3737
3893
4063
3950
3962
4077
4102
4153
4408
4428
2076
4502
11
2102
2104
4679
4688
4798
4854
4930
5192
5425
5562
5654
5669
5863
5919
5964
5979
6016
6202
6247
6273
6274
6359
6407
6465
6482
6524
6591
6893
6945
6237
6968
6971
7177
7028
7082
7106
7125
7291
7316
7365
7375
7492
7573
7630
7682
7829
7941
7965
8088
8202
5131
5705
6590
8372
8381
8410
3739
8543
6700
8755
8815
8830
8860
8907
8915
8980
9147
1907
9488
9438
9750
2680
2797
3606
9962
10129
10183
10229
10263
3943
3945
10505
10538
10539
10542
8150
10629
10801
10935
11116
11176
11192
11202
11296
11350
11522
11551
11670
11676
11705
9791
11868
6621
11972
12021
12061
12230
12237
12242
4458
12415
12519
9831
12624
12763
12830
12843
12849
9860
13180
13222
13309
13329
13430
13432
13436
13516
13733
6125
11174
9524
14248
14541
14664
15050
15056
13492
15106
15197
15515
8255
15536
15599
15765
15971
16047
16144
16241
16467
16730
2871
17217
17465
17479
17578
4574
7877
18203
1662
1674
14036
11026
9110
18624
18646
18648
18651
5764
18867
18883
19269
9445
19637
19638
11198
19693
14341
18946
19390
20393
20473
20513
8251
11307
20753
20894
11010
21100
21317
21584
21606
22275
22441
22477
22519
21286
21453
22800
12537
23808
9181
20955
13161
23994
24033
17605
24395
24805
25015
25103
25202
25333
1863
12090
22323
20598
26057
26267
26287
16771
26339
26408
26740
17613
25471
18425
4546
27047
19582
27143
7333
27702
27849
23525
27193
20288
28156
28274
18478
28320
12005
26348
7000
29521
29671
31168
257
258
323
452
609
1124
1134
1151
1155
1157
1221
1324
1349
561
1765
1785
1840
1944
1979
1990
2020
2254
2264
2379
2429
2447
2565
2735
2773
2784
2936
2940
2946
1463
3048
3127
3210
3240
3252
3261
3370
3377
3456
3529
3553
3538
3578
3645
3671
3730
3731
3744
3830
3954
3965
3972
4001
4393
4431
4452
4456
4457
4510
2100
2532
4801
4896
683
5009
1524
5226
5411
394
5470
5521
4218
5653
5670
4410
4414
4600
3680
5892
5895
6159
6597
6635
6675
6734
6862
6870
6918
6972
7121
7301
7357
7369
7419
7517
7580
7586
7846
7915
7921
7935
8104
8178
5132
8266
8387
8362
8412
7413
8552
8523
8620
8770
2838
6298
5791
5786
8890
8938
8958
6930
9026
9152
9263
9271
9304
9310
6133
9417
9645
9779
2294
9845
10006
10029
10035
10202
10244
10228
10264
10383
10417
10544
182
10671
10670
3399
10778
10779
10806
10891
10910
6818
4337
11158
11150
11156
11167
11230
185
11251
11255
11283
4627
11331
11399
11687
8348
3405
11859
11891
9704
11998
12051
12222
12335
12436
12656
12609
12626
12664
12627
12755
12767
12828
13096
13193
13207
13182
12098
13287
13302
5128
13415
13320
13517
9637
11356
13561
13588
13594
3918
12685
8151
9457
13763
13768
13873
14017
13572
14190
13365
3869
14262
4613
10699
14613
14509
14704
14729
15124
13370
15188
15262
15257
15328
15401
15403
15425
15787
15792
9525
15849
15914
16068
15230
12425
2651
16252
16274
9983
16325
16632
16938
17051
17108
17180
17414
17401
17442
17469
17560
17647
17662
1520
17813
17962
18172
18223
18227
16866
1655
18438
18520
18577
9101
18621
9851
18706
4569
4576
19073
2547
19681
9537
18546
20027
20030
3419
20063
16203
17430
20287
20535
20575
6232
20637
19421
20886
19094
20941
679
21210
21328
21541
18263
21691
21834
21843
21978
22003
22069
22036
8981
22470
17918
12689
22751
22785
15440
5339
16247
23004
23448
23546
20299
23404
23917
3501
5117
11450
25084
9509
15531
15530
25675
25811
12104
25099
26004
18532
26482
26300
27163
26842
27233
27324
9725
7338
27627
23932
15362
27985
17607
28041
28263
28266
28300
18538
28489
23342
19664
23167
29233
9782
110
119
259
349
357
383
412
432
592
653
607
764
777
841
1060
1090
1097
1105
1133
1205
1239
1347
1358
1378
1403
1482
558
1597
1713
1715
2066
2309
2383
2401
2420
2453
2767
2818
2919
2931
2997
3037
3050
3098
3184
3398
2519
3631
3657
3042
3219
3729
3736
3780
3466
3963
3988
4072
4078
4164
4183
4241
4433
2760
4556
4716
4754
4775
610
5011
5125
5174
5186
5189
5190
5187
5225
5251
5259
5241
3319
2079
2268
5684
5857
5917
5947
6167
6171
6264
4459
6456
6498
2061
6603
6694
6729
6784
6838
7191
7007
7019
7132
7203
3142
7314
7493
7508
7544
7553
7555
7645
7718
7724
7665
8001
5702
8259
8325
4373
8392
8371
8376
8635
8590
8735
8921
8945
8962
9005
9018
9024
9340
1901
1528
9408
9497
9428
9533
9575
9587
9615
2803
4666
9955
9951
7050
10265
10349
10348
10408
4612
8131
10714
10856
10877
8448
11023
11092
11203
11457
11479
4661
6926
11540
11609
10869
11984
12018
12289
12229
12231
12247
12333
7606
12401
11441
12625
3843
12859
2116
12945
13332
13524
13534
13538
11094
13724
13728
13797
13830
13985
4985
3878
14271
7026
11349
14537
14660
13783
14801
14841
14881
14978
15060
15100
15320
15349
15458
15474
3322
7377
15853
16000
16001
12006
16433
16455
16561
16607
16619
15356
16775
5686
17168
17150
17226
17230
17385
15452
17394
7423
17702
17788
17868
17964
18023
18143
18190
11804
18436
18482
18632
18755
18842
17954
16754
18934
18962
12023
19353
19427
2241
19463
11515
19845
9199
20026
3412
20135
19508
15384
20557
20698
20730
20780
17459
19871
20880
21011
16323
21215
21260
21467
21707
21858
21897
21905
21980
22005
22012
22018
22021
22031
22119
7731
22366
22459
22509
7324
22756
22790
11923
23041
23062
7658
8144
23781
16376
23859
18491
19442
11750
24544
24595
24632
24795
23715
5515
25171
25204
4610
25581
14323
25737
25785
25937
26014
20185
10864
26174
26194
1721
26301
26313
9521
26430
19658
26654
1862
20950
12038
27088
27205
26995
20754
25689
25681
27271
27745
26093
7481
27865
23767
28420
15228
28430
28513
28670
28757
29046
30255
30304
24010
29921
209
511
537
600
759
762
765
778
1226
1416
1459
1476
1569
1570
1789
1791
1793
1799
1839
1868
1958
1977
2070
2158
2425
2356
2357
2435
2455
2602
2619
2720
2786
2823
2809
2839
2897
2916
2922
3023
3183
3199
3266
2693
3339
3587
3521
3530
3580
3629
3774
3788
4049
4002
4033
4044
4160
4304
4328
4334
4356
4361
4376
4424
4449
4493
4504
4515
4522
4552
4802
4923
4924
5032
5068
5070
5153
5181
5201
5204
3107
5374
5440
5454
5596
5568
2265
5870
5938
5985
5990
6014
6200
6361
6363
6409
6410
6626
6841
6881
2639
7065
7095
7110
1546
7490
7521
7528
7536
7584
7603
7641
7746
7780
7798
7839
7940
8065
8076
8090
8210
8221
5703
8191
8270
8402
8511
8545
8570
8600
8617
5216
8685
5682
8818
8823
8854
8889
7672
9115
9151
9265
9268
9496
2236
9464
9579
9661
9681
9692
9685
9754
9768
9769
6936
9848
9874
9948
9958
10066
3813
10152
10227
3477
10339
552
10409
10429
9098
10644
10647
8125
10687
10698
10943
10959
6887
10991
11003
11073
10359
11228
11275
11279
11305
11317
11417
11443
11452
11459
11549
5220
10873
11710
10875
1897
11842
6620
11813
11986
11953
12035
8428
11089
12265
4461
12486
12629
12639
12677
12743
12800
12807
12861
13245
5143
13403
13411
13417
13467
9937
13542
13547
13569
13653
13777
13819
13866
13879
13908
13946
13989
14179
14266
4618
4662
14474
14476
14510
14702
14814
14847
12943
15090
15031
9373
13781
15303
15184
15255
15339
15522
15683
15919
15916
15968
16050
16083
16198
16311
16329
16453
16507
16511
16724
16742
1720
16776
16847
16883
16941
17024
17048
4236
17152
17191
7039
17415
17530
10297
17687
17712
17801
17664
17905
681
1374
18153
18218
18246
1673
18410
18649
18698
18736
18830
9555
18964
18507
19018
4957
17909
19258
19262
19494
19510
19517
19544
19691
16255
6113
19890
19898
19905
19915
11915
20093
20146
20214
20277
20294
20419
20720
20732
20817
15903
21000
13897
21342
10495
16134
21484
21543
21557
21690
21693
21904
21908
13351
21982
22170
22185
22212
22397
22412
7614
22653
20340
22766
22791
22831
22242
22843
22865
22889
11027
21799
23120
7805
16021
23436
14329
13831
23668
23694
23848
23907
23926
20756
8359
20596
5519
24507
24535
23331
24559
24561
20914
23766
25041
25201
18075
25244
10816
3469
21969
15832
8881
17844
20627
20659
25677
18616
13582
25945
23257
13864
21970
26048
26219
17652
14210
24344
16490
26576
18971
18570
26671
25440
9857
26825
27017
23654
25900
27240
9927
18565
26379
5048
20174
26336
15616
27558
19388
13489
27611
26376
27877
27920
24419
28284
9396
7863
28523
7900
29079
29084
29072
28819
30760
23576
30412
216
244
276
280
290
352
421
527
528
596
602
757
1000
1038
1042
1099
1123
1139
1154
1158
1196
1346
1478
1471
1505
1815
1706
1790
1963
2025
2154
2169
2438
2323
2399
2426
2443
2482
2494
2700
2804
2811
2898
2915
509
3019
3096
3059
3176
3265
3276
3341
3360
3438
3532
3562
3619
3637
3779
3793
2857
4025
4038
4065
4152
4189
4195
4196
3914
4232
4292
4298
3681
4398
4508
4681
4685
4873
4889
4891
947
960
5005
5015
5074
5138
2525
5099
3218
5331
5390
5394
5527
5528
5532
5668
2257
5334
5803
5865
5890
5893
5940
5998
6032
6054
6074
6161
6185
6209
6110
6142
6248
6250
6261
6316
2800
6461
6530
6531
6564
6583
6569
4451
1929
5704
7080
7097
7098
7123
7238
7235
7269
7282
7318
7512
7479
7967
7975
7987
8072
7073
7075
8317
8329
8310
8121
8547
8536
8696
8722
8756
8769
4465
8892
8444
8964
9075
9084
9142
9159
9270
9286
9350
9358
1903
1527
9416
9431
9470
9589
7022
8114
8800
8801
9824
9912
9946
9953
10034
10130
10186
1647
10245
10275
10386
10537
10645
10648
10656
10659
10740
10764
10924
11053
11055
11213
11225
6281
11277
11313
2213
11384
11425
9710
1913
11604
9166
11815
9726
11973
11951
11978
12066
12089
12402
12492
12549
12673
12598
12610
12634
12621
5283
12764
5109
12562
12846
12867
12919
12933
12950
12957
13097
7891
12387
13392
13322
13412
11751
10121
13528
10741
6451
13641
13790
13857
13919
13980
14005
14019
14134
14173
2869
14464
14618
14632
14358
14701
13848
8880
15033
15091
15037
15074
15078
9240
13371
15305
15248
15348
15364
15371
15448
15645
15668
15803
15814
15845
16017
16087
16136
4624
853
11166
16524
16621
16635
4960
13488
16913
13276
17093
17111
14090
11747
17372
15149
10618
17551
17645
17658
17669
10742
18044
18101
3324
14505
18359
17610
18437
12463
18260
18685
10001
18812
18820
18970
19075
19133
19149
19372
19376
5111
3885
16212
19803
18025
20014
20042
20045
20131
20132
20215
20315
20468
20527
13274
20742
13592
20782
20764
20875
11014
21102
21162
10477
16851
21477
14038
21501
21605
21070
22149
22173
17080
7305
22472
22409
22542
22776
9654
16574
22856
22923
22975
13389
23155
7773
18118
23359
23441
23466
23646
23660
9006
20350
22630
10593
24098
20791
24135
24152
24170
24194
24392
24393
3701
5798
24525
24599
7795
23070
25112
19059
2650
25189
25193
25257
25280
25340
25446
25449
6787
25485
25568
25684
25021
25879
10888
17107
26159
17933
26236
26414
15138
5050
26718
26734
3463
25318
27251
13314
15429
10965
27547
26491
27905
27908
27909
28040
10827
28557
28535
23583
28684
22884
20282
29036
23113
29433
29689
29720
9783
30159
22901
31557
46
47
215
226
246
353
355
536
793
804
818
926
1119
1136
1164
1288
1390
1396
1503
1587
1616
1621
1739
1745
1818
1831
1849
1884
1960
1996
2050
2203
2275
2336
2361
2507
2564
2582
2664
2707
2741
2766
2822
2920
3036
3093
3163
3195
3215
3345
3369
3431
3449
3497
3533
3557
3576
3640
2731
3167
3687
3751
3775
3787
3829
4084
3818
3952
3964
3974
3992
4079
4090
4157
3152
4317
4327
4355
4407
4420
4419
4505
4513
4555
4921
4687
4746
4812
825
946
979
5010
5014
5028
5084
5180
5265
5427
5489
5530
5556
5595
5627
5638
5640
5644
5855
5965
6000
6079
6175
6104
6252
6260
6267
698
6332
6408
5127
6527
6575
6593
6656
6632
6677
6874
6852
6856
6864
6873
3401
7116
6994
6999
7009
7078
7109
7144
7146
7156
7202
7227
7273
7289
7498
7602
7647
7652
7725
7820
7990
8084
8118
8300
8306
8346
8401
8406
8436
8445
8614
8649
2690
8682
8726
8824
8827
8855
8959
9146
9155
9228
9264
1891
9345
9327
9419
9423
9494
9689
9772
2274
2798
9702
9778
9812
166
9215
9956
1723
10020
10061
10083
9544
10132
8241
10230
10341
9086
10360
10423
10431
10472
10516
10523
10560
4981
10601
10653
10697
7002
10746
10773
10776
10787
10839
10843
10956
11034
11036
11042
11063
11078
11206
11239
11284
11340
11421
11434
11610
11631
11688
11713
6127
11738
11742
11770
11800
10388
11980
3851
12295
12086
12248
12251
12256
2764
541
12550
8152
12631
12635
12646
12663
12009
12826
12840
12865
12854
8716
12955
161
13048
3890
13221
13224
13249
13273
13299
9109
13349
13394
13414
7624
13513
13529
9656
13648
13649
13627
13645
8468
8472
13734
13746
13757
13907
11526
14162
14119
14181
14192
10259
12580
14267
14238
14289
14291
14365
14366
855
14414
14462
13801
1383
7277
14643
14653
6996
14700
14857
14959
15234
15311
15379
15393
15472
2640
15601
8628
7480
15844
15879
688
16052
16129
7688
16324
10486
16430
16509
16614
12108
16958
16973
16980
17056
2217
17147
17408
126
17574
17582
17642
8585
13932
12309
17876
17616
18097
14682
18250
1668
1671
8576
18574
3852
18622
18847
18902
18912
18958
18968
18986
19036
19170
19188
19465
19470
19501
19628
19626
19740
18545
13942
19958
19214
14216
19377
13007
20408
20470
20480
20511
20533
20551
20631
7308
20693
20770
20984
18613
16085
16379
21223
21347
3757
21448
21478
21505
11268
21679
21681
21779
18611
7303
22476
22548
7620
18699
22674
16215
8805
22919
23009
23102
23174
20038
23054
19751
23362
23388
5730
23538
23539
23680
23742
23914
16367
24127
21300
20595
24397
24757
24847
24880
24034
25115
25135
25025
15658
20859
23240
20796
25693
25709
23032
25858
25885
8783
26030
18745
25948
17035
3159
16768
25044
26322
26338
26360
25403
25153
26630
20187
17438
26768
22541
13167
24374
11638
27171
27234
27238
17968
27277
27378
5774
27500
26708
26260
24149
27800
27861
28005
28127
19336
28324
27776
8903
28517
29663
29791
29655
27812
30146
30346
23166
20314
20920
268
282
293
294
301
340
415
417
438
576
745
798
1051
1074
1078
1102
1228
1319
1447
557
1568
1718
1737
1803
1820
1964
1998
2074
2132
2485
2185
2444
2259
2312
2377
2492
2474
2603
2599
2637
2882
2195
3008
3054
3124
3125
3202
3237
2299
3313
3328
3390
3454
3565
3572
3621
176
3654
3800
3844
3999
4036
4158
4192
4197
4200
4270
4326
4427
4501
4507
4509
4517
4521
4702
4704
4748
4777
4780
4792
4799
937
5008
5039
5086
5202
5163
5193
4593
5364
5423
5452
5360
5420
4570
5497
494
5864
5905
5987
6070
6198
5146
6218
6220
5810
6322
6334
4448
4477
6405
6396
6534
6483
6507
6525
6557
6580
6586
6595
6596
6673
6602
6617
6707
6757
6779
6917
6914
5317
2189
7024
7094
7228
7293
4110
7356
7482
7713
7956
7968
8094
8219
8226
8231
7196
8292
8382
7398
7416
8562
8579
8609
851
8709
8736
8737
8765
8809
8814
8811
7014
8942
9092
9111
9117
9135
9150
9252
9256
9278
9303
9335
9339
7279
9407
9466
9515
9608
9633
4119
9821
8654
9873
9896
10018
10055
10076
10144
10168
10269
10404
10416
10469
10510
10556
10587
10651
8127
10958
11041
11072
11109
11132
11134
11223
8116
11253
2245
11308
10137
11429
4338
11555
498
11677
11679
11715
11708
11806
11375
11871
11934
8567
11974
12053
12070
9642
9668
12082
12210
12258
12260
12286
12287
12327
12341
12373
12472
12522
12588
12618
12648
12740
12789
12797
12825
12832
12927
12937
12967
1938
13158
6678
13279
13285
12559
13410
13465
13471
13500
13520
13527
13613
13691
13858
12010
13920
14176
13358
3877
7629
14375
12961
9722
14432
14628
14609
14534
14562
14581
12753
14638
14667
14689
14713
14788
14777
14787
14816
14820
6135
15095
15003
15004
15024
15045
15072
15076
11178
13927
15159
3503
15266
15270
2293
15338
15341
13479
15415
7006
15482
13814
172
15533
10255
15558
15634
15651
10775
10494
15776
15861
15834
3647
15934
15951
15959
10218
9880
16127
16150
16178
16245
16334
16335
16399
16414
16424
14984
16637
16667
15930
16816
7209
16826
16873
16936
16939
16982
10324
17058
17110
6786
17187
17239
17290
17387
17443
15325
17491
17561
7399
17661
12999
17750
17755
17761
17815
17826
16481
17852
17880
18090
18151
18167
18173
18186
18194
18214
4096
4637
1667
18328
18383
18394
12428
18604
12583
18759
9790
12099
18874
18991
19068
12870
12532
17208
19264
19302
19318
19471
19502
19519
19616
19622
16028
8750
19809
14085
19828
20044
16644
18008
20164
20222
14566
20357
20450
20497
15372
20525
16577
20545
17497
18547
20666
19251
20715
20841
20789
21002
21014
21055
21103
9192
9193
930
11144
21304
10678
15543
20040
21512
21537
11921
21599
21657
21663
2301
21712
20953
22044
22047
22050
22042
22145
22208
22211
22336
22387
22614
22677
22682
22718
3500
22807
22853
22866
22928
22935
7754
23153
12874
23222
23049
23322
23354
23479
10251
23512
19496
23661
14219
23812
23852
23901
7852
24017
24067
24100
14070
24296
24298
24347
11810
24497
24543
21370
11648
20489
21290
25036
23732
25126
25164
16773
9107
22408
16045
25287
25354
20912
21395
25531
25571
7445
25599
25696
25746
8741
23047
25906
25935
25942
10290
5733
24876
22869
26308
26319
26328
10219
26364
26390
26413
23212
26691
26775
5823
26855
26899
26901
10192
26820
27237
26911
27529
27548
27550
19834
22298
24043
20990
28465
24421
28658
28729
28834
28875
28911
28935
29033
29236
29436
29459
29467
29268
29782
29823
29897
29922
29958
28138
30141
28755
30768
30955
50
236
239
242
261
277
295
346
362
372
377
429
514
521
568
669
737
971
1006
1044
1055
1081
1117
1341
1350
1365
1461
1636
1677
1734
1740
1742
1749
1759
1814
1784
1948
1976
1992
2021
2168
2427
2320
2343
2404
2409
2463
2563
1541
2759
2772
2826
1658
2883
2890
2972
3005
3040
3116
3130
3131
3198
3213
3334
3359
3363
3374
3373
3381
3430
3641
3672
3781
3786
3825
4070
3960
3969
3983
3984
4021
4041
4080
4154
4202
4259
4289
4330
4310
4352
4394
2836
4454
12
4605
4673
4697
4796
4841
4851
4862
847
4944
4994
5056
5067
5209
5266
5366
5372
5385
5456
5509
5543
5582
5641
5665
5850
5913
5925
5932
5943
5953
5954
5981
6027
6033
6041
6059
6063
6071
6096
6149
6173
6177
6179
6196
6106
6251
6364
6353
6368
6380
6367
2843
6429
6470
6473
6474
6489
6491
6494
6496
6510
6511
6547
6674
6669
6727
6742
6771
6848
6828
6831
6835
6839
6899
6919
4970
6973
7169
891
7038
7089
7257
7298
7362
7507
7540
7543
7628
7646
7697
7700
7708
7720
7722
7677
7678
7804
7913
7936
8010
8043
8087
8206
8214
8230
8234
8237
8184
8324
8345
8389
8400
8407
8419
8503
8538
8572
8606
8637
8715
8813
8849
2286
8908
8911
8944
9010
9029
9067
9076
9222
9251
9257
9301
9306
9320
9334
9347
1902
870
9490
9500
9468
9571
9621
9658
9728
9762
5826
2801
9915
9904
9914
9941
9968
10025
10067
10074
10114
6445
10142
10174
10243
10242
4130
10280
9400
10421
10449
10463
10513
10558
10669
7063
1465
10777
10790
10791
10829
6423
5098
11091
11101
399
11131
6807
11216
11179
11234
4374
11250
11258
11265
2761
11315
11336
11374
11403
11405
11414
11463
8781
11561
11516
5794
11588
11796
11792
4949
10484
11762
11764
11847
10381
11991
12300
12228
12239
12328
12607
12620
12654
1385
12693
12720
12742
875
12780
12788
12838
12908
6885
5053
7832
13054
13077
13101
13190
13183
13284
13293
13440
13325
13384
13448
13457
13539
13560
13599
13610
13670
13695
13752
1428
10138
13791
7027
13821
13876
5790
13570
14215
13362
14309
14281
11127
13258
14335
14376
4615
13914
14412
14413
14427
14484
14526
14536
14576
14654
5303
14852
3470
11312
14900
14919
14962
15046
15080
15082
11381
9660
14208
15110
15127
13368
15268
15350
15367
15493
15589
8430
15679
15741
15748
15759
15768
15771
15841
12942
15935
15978
9715
16012
15227
9881
16240
16231
14229
16340
16332
15932
16398
16431
10254
16497
16572
16624
12172
16710
16725
13778
10968
9089
16801
10729
13487
16900
16909
17018
17019
17027
2218
17136
17139
17409
17413
15719
17388
17384
17436
5692
17472
17507
17533
17534
12149
17767
17822
16254
17963
17985
18011
18022
18086
4566
4230
1670
18300
18302
18485
10123
18626
7424
18681
5762
18712
1529
18849
18875
18932
19013
19034
10222
19197
19389
19417
19457
19514
19618
19629
15218
19741
19689
19936
19820
20033
20050
20143
20148
11348
18110
20289
20308
20345
20499
20524
20556
20588
20599
20607
18504
19329
20938
13924
21006
3462
21060
21188
21249
21301
20638
7730
21366
2975
21514
21603
21454
21694
10969
21731
21854
21861
21965
21990
21994
20983
22013
22223
20649
15610
22640
976
22684
13229
22837
19102
23042
23106
23123
23130
23140
23143
15170
16968
23230
23234
23238
21462
23314
23389
1683
22439
23048
23600
23687
21402
7830
23801
5313
23824
23851
23927
23930
23948
23959
24001
24056
10289
24311
8787
24506
24591
1627
24850
24852
24921
24930
14665
25134
14101
25174
25194
15831
19670
25177
11563
25367
25378
25390
9878
25486
25524
16366
25583
25596
25597
25616
25633
25089
25694
25728
25809
25865
25869
25904
25915
25932
25943
25954
25741
16753
5522
2558
5814
26036
23720
26068
23299
8564
4940
16656
9864
26429
24579
3856
26512
26515
26528
26575
26548
25374
26655
25736
26767
18868
13994
8776
26920
27031
27115
27192
27399
24629
27583
16770
25702
27978
28171
28345
18540
25303
27322
5727
22609
29069
29073
29096
29365
7811
29898
25690
30189
30229
30334
30096
135
272
285
298
302
305
322
351
361
408
418
461
484
749
785
1005
1013
1071
1084
1101
1110
1140
1144
1354
1386
1388
1406
1446
1532
1638
1691
1752
1859
1871
1952
1965
2157
2173
693
2121
2194
2497
2329
2351
2389
2487
2708
2813
2909
2943
2948
164
3177
3206
191
3314
3340
3347
3366
3367
3371
3389
3395
3518
3559
3668
3719
3754
3782
3822
3894
3949
3955
3973
3976
4014
4020
4022
4046
4066
4074
4086
4107
4279
4303
4368
4387
3138
4487
4499
4561
4678
4711
4721
4760
4899
4938
5003
5158
5176
4978
5227
5258
2654
5426
5279
5356
5387
5417
5367
2267
5458
5539
5565
5588
5650
2258
4599
3044
5886
5909
5912
6003
6012
6025
6037
6060
6065
6092
6184
6186
6183
6101
6191
6254
5676
6119
5612
6475
6480
6493
6541
6639
6718
6722
6777
6610
6858
6860
6867
6905
6130
5652
7188
2530
7090
7091
7107
7114
7241
7292
7422
7516
7526
7576
7589
7728
7887
7898
7923
7959
8105
8209
8218
8222
8225
8238
6615
8177
8267
8298
8301
8305
8119
8147
8398
8403
8399
8415
8425
8458
7412
8539
8544
8583
8584
8645
8655
8697
8788
8819
8825
8852
8873
8897
8720
8916
8923
8960
8954
9139
9255
9267
9272
9274
9164
9387
620
9410
9566
9568
9570
9610
9693
9675
9691
9765
9823
9804
2694
5769
9917
9942
10017
10019
10043
10064
8626
10225
1892
10321
5658
10462
10611
10667
8659
10727
2075
852
10780
10854
10953
10882
10922
10932
10954
11102
11147
11243
11248
11254
9730
11333
11396
11387
11426
11431
4234
11466
11468
11510
11560
11546
4369
11614
11642
11655
11662
11718
11798
11743
11841
11843
11832
8344
11861
10380
11939
11962
7271
12052
12292
12304
12307
12194
12190
12240
12276
12405
12496
12523
10749
12551
12633
12641
12643
12674
3704
12715
12811
12786
12847
10485
12888
4563
12968
13086
13110
13186
4455
13282
13459
13340
13383
13435
13463
13469
13525
8758
12781
13571
13595
13601
13679
13760
1551
13820
13877
4128
13996
14044
14131
13380
9459
1659
14226
14244
14270
14275
14280
14303
4625
4646
990
10003
14425
14475
14529
14597
14709
14727
14669
14694
14794
14934
15070
15084
14961
15038
15058
15086
5457
15123
5751
15334
15342
15343
15361
15397
15399
15488
13745
7029
15713
15752
15757
15761
15833
15836
6983
13374
16057
7882
16132
16408
16449
16454
16513
16610
16620
16360
16677
16702
16720
4655
15439
16792
16757
16786
16811
5772
14442
16843
16871
16890
16902
16974
17023
17061
17166
7591
17238
17204
17254
7464
14207
17504
8989
17563
17583
17627
17775
17760
17951
17973
15143
18041
18056
18091
18187
18232
9713
8275
5724
5725
15657
18344
18387
18406
13677
11021
18521
18603
18614
18634
18639
133
18724
18711
18715
18718
18722
18735
18825
12174
17380
1686
19058
19064
19161
11267
8792
19253
19271
19313
19304
14963
19363
19448
19480
19535
19573
19598
19602
19750
19760
14867
4632
19555
18181
19839
19895
8248
20066
20125
5775
4584
20193
20225
20317
20370
20409
20425
20444
20464
20514
830
12132
20684
20689
20716
20718
20752
20839
20867
15827
20967
19855
21096
19248
11683
15700
21245
996
14211
21403
7401
21506
21545
21593
21570
17990
21676
21337
17705
21839
9210
22011
21992
21979
21986
21991
22034
22095
22097
22257
8771
22339
22343
22416
22421
22474
22514
22635
22643
13316
22795
22874
22986
7825
23192
23237
23265
23272
23374
23431
14990
23445
23443
22724
23457
17906
23606
23628
23672
23692
14346
7831
23805
23800
23842
23867
23952
850
20922
23999
24022
24051
24244
24245
24380
24394
14183
24515
7454
16863
9511
24564
3901
6748
24857
21148
24963
13719
25077
25211
25212
25213
25232
25246
25268
5512
19782
11820
16442
25608
14342
25795
25907
5734
26019
19899
26037
26055
26095
26192
14998
26237
26264
3482
14548
26358
26478
25226
26551
26558
24670
26334
21461
25970
26662
26719
26764
4111
9182
15345
19347
27039
26195
2056
16683
14052
26818
18000
27275
21287
23703
27335
20540
27420
7058
27360
27545
7777
25910
16942
8631
27767
27785
27799
14502
27996
28023
28092
28179
7826
21465
28034
26666
28366
27493
28433
23218
26918
28617
15365
28722
28806
28894
29201
27972
29666
29656
20919
29853
27697
23602
30023
30769
31054
31065
31097
83
132
231
266
270
287
291
348
524
585
672
758
954
975
1063
1087
1091
1098
1137
1161
1176
1178
1179
1241
1258
1271
1368
1515
1577
1623
1639
1724
1748
1760
1794
1797
1833
1835
1838
1851
1962
1967
1981
1982
1999
2024
2041
2084
2192
2271
2334
2374
2396
2413
2419
2440
2451
2469
2478
2489
2572
2531
2665
2775
2840
2930
2984
3015
3032
3080
3094
3120
3122
3189
3281
3372
3588
3527
3544
3560
3577
3648
3658
3802
3792
3827
4055
3961
3966
3986
4012
4092
4105
4185
4249
4278
4290
4342
4341
4498
4691
4698
4706
4709
4713
4727
4787
4870
4882
4906
4929
4937
4999
5019
5024
5046
5166
389
5422
5318
5358
5455
5433
5437
5421
5585
5531
5550
5647
5681
5842
5871
5877
5880
5894
5942
5944
5957
5968
5991
6001
6028
6030
6046
6047
6052
6084
6095
6150
6266
6342
6337
6373
6355
6406
6397
1660
6453
6490
6553
6566
6662
6664
6627
6654
6725
4443
6824
6825
6829
6832
6866
4974
6910
2521
6948
6955
7181
5280
7151
7158
7206
7231
7300
7497
7546
7719
4592
7858
8040
8095
8021
8193
8229
387
8155
8294
8314
8315
8378
8385
8417
8433
8501
8502
8514
8597
8642
8650
8683
8689
8690
8695
8698
8724
8763
8795
8804
8816
8822
8891
8928
8950
7687
8985
9011
9041
9064
9065
9074
4956
3765
9312
9313
9343
9351
899
9163
9299
9475
9477
9486
9513
7207
9593
9680
9741
9743
9759
4221
9723
8479
877
9902
9919
9950
4989
10089
10049
10056
10068
10082
10086
10053
10125
5142
3926
10178
10205
5471
10224
10281
10353
10329
10363
10374
10459
10507
10546
10559
10585
10595
10615
10627
5697
10662
10685
10688
10770
9239
10828
10926
10980
10986
10989
11030
11047
11067
11084
11106
11229
11209
11298
11244
11309
11361
11415
9924
11430
11462
11505
11513
11550
11553
11130
11666
11732
11781
11797
11777
11808
11831
11872
5756
11949
2232
11985
12032
12302
12305
1410
12026
12196
12284
12285
12322
12371
12383
2779
12392
12410
12418
12489
12490
12507
12512
12517
12603
12604
12640
12680
12705
12818
4580
12850
12893
12929
12932
12952
7732
13011
13120
13126
13127
13296
5691
13303
517
13344
13434
13439
13449
10118
13509
13518
13531
13562
13600
13605
13715
7662
13764
13766
13769
13786
13795
13900
5677
8431
13981
14027
5600
14043
5741
14058
14111
14149
14185
3876
1682
14296
3708
14372
4642
14411
14451
14473
14523
14614
14579
14605
14620
14626
14640
14706
14662
14717
14722
8128
14781
14792
14823
14877
11075
5713
10135
15051
15093
14967
15008
15009
15034
15111
15139
15141
15155
15166
13366
15237
15241
15265
15275
15297
15306
15337
15347
15351
9672
12853
15437
13741
15460
15471
15525
15538
15559
15633
15641
15650
15660
15673
12158
15738
15750
15755
15820
15893
15928
15904
15920
15958
15966
13983
16009
13832
16058
16062
3506
3109
16151
16157
16253
16394
13227
16451
16456
3917
16539
16628
16630
16634
9539
16685
16692
15929
4623
16797
16835
15358
16951
16961
17028
17076
17084
17134
17206
17220
17303
17335
17342
17345
17423
17425
9714
17457
12317
17554
17559
12116
17598
17600
17633
14209
6548
3601
17735
17798
12567
4669
17242
17900
17943
5057
18085
14357
14460
18142
18147
18148
18193
18196
18200
18207
18224
18225
18233
9532
18309
18366
6235
17606
18386
11352
18396
17667
18444
12433
12467
18516
18525
10490
17403
18631
13155
13177
18694
18709
18716
18765
18834
2866
5481
18983
19001
19039
15646
11231
19120
19186
19201
16437
14227
19343
17567
19397
13289
19466
19495
19523
19551
7779
13009
19572
19595
19610
19621
15169
19727
19746
16019
19759
19764
9173
19770
2212
14089
19838
19870
19884
19912
19972
20025
20043
4411
20051
20068
8272
20139
20159
20203
20207
20296
20324
20397
20407
20415
20436
20484
20576
8994
19924
20597
20608
20617
20650
20691
9365
20768
20769
8661
20798
20848
20852
7260
20865
20885
20900
20910
20981
20056
9870
21125
21087
21109
20083
21175
21221
21279
9103
21382
11237
21401
21437
19019
21530
5341
17850
7435
21652
856
21668
5728
7768
21950
21984
22008
22037
22058
22134
22205
22539
18612
22512
15617
22636
22744
820
15994
22846
22970
10355
17648
22963
22964
23017
23216
18127
18128
23308
23352
18108
9108
15715
17127
23591
22942
18115
23664
13172
12687
23697
11437
23716
16122
174
8134
23776
23813
23911
23949
23963
24011
14042
24071
6745
24179
2856
22953
24293
22858
24375
15514
23649
24594
1648
24612
20541
24646
24866
24869
23753
24893
25027
20613
25063
25068
25079
25095
20766
25111
25156
25160
25179
25180
18166
21456
25264
23923
16654
22737
24158
12385
25587
6894
15506
25625
25722
13846
25837
23333
25873
25914
25930
25940
18264
26020
25272
25620
26050
11854
25061
23964
26318
26373
19893
4481
3411
26645
25038
25262
26760
17846
26839
16369
26885
25223
24214
26953
19375
27100
4948
17118
15665
27188
16673
27301
15829
27309
27201
27354
27449
27519
19950
14913
7334
21042
27575
27587
10399
24107
26582
26332
25974
27771
12112
27831
24151
27904
27907
27993
17932
17849
28314
28319
17935
26447
28408
19365
21717
28542
28564
28573
28590
28632
20805
28783
28997
29080
21774
29209
23940
29379
27950
29605
29621
29762
29812
26599
30000
30028
30097
29708
30604
21451
25901
30758
21612
30994
31014
31087
256
325
359
441
450
500
628
630
756
781
1001
1012
1015
1054
1068
1075
1080
1086
1100
1150
1156
1166
1193
1200
1201
1211
1224
1301
1714
1719
1787
1807
1816
1852
2171
2483
2280
2291
2319
2358
2369
2370
2371
2402
2407
2408
2431
390
2450
2454
2480
2495
2464
1432
2636
2659
846
2742
2816
2815
884
3051
3204
922
3332
3344
3375
3434
3584
3574
3471
3581
3583
3609
3626
3665
3684
3723
3747
3806
3798
3801
2112
3831
2858
3951
3977
3978
3980
3982
4013
4083
4103
4155
4177
2793
4243
4263
4266
4286
4294
4297
4325
495
4432
4523
4526
4674
4701
4710
4722
4735
4773
4774
4840
4863
4868
4897
4902
4903
4907
4914
4916
4918
4932
4935
4747
5040
5042
5060
5091
5194
5185
5254
5270
187
5342
5362
5371
5381
5424
5499
5558
5566
5581
5584
5587
3221
5335
5875
5910
5926
5929
5971
5972
5982
6035
6189
3858
6278
6308
6321
6340
6350
6395
6418
6454
6458
6466
6477
6526
6528
6554
6578
6587
6663
6665
6658
2859
6616
6644
6705
6723
6775
6783
6857
6883
6922
6925
6950
7168
7174
7182
4210
7056
7072
7076
7136
7150
7225
7251
7290
7354
7368
6290
7577
7501
7537
7539
4591
7596
7601
7644
7656
7750
7759
7790
7906
7918
7927
7963
7984
8007
8008
8064
8089
8198
8200
8201
8228
8163
8170
8171
8263
8318
8295
8299
8146
8334
8413
6109
8550
8563
8568
8612
8633
8641
8700
5330
8673
8674
8702
8733
8752
8808
3382
8863
8875
8898
8925
8946
8992
9051
9068
9112
9113
9227
9249
9277
9282
9305
9337
9352
9294
9275
9333
9391
1904
9403
9467
9590
9665
6279
9822
5766
1557
9943
9957
9945
10021
10026
10030
10101
10112
968
10181
10231
10292
10296
10302
2691
10410
10425
10430
10460
10298
10517
10552
10630
10696
10711
10709
10731
10758
10769
10817
10845
10848
10957
10978
11051
11054
10357
11104
11115
11249
11292
11316
11371
11587
11630
11632
11665
11681
9226
11736
11829
11844
6630
8482
11911
4634
11935
11936
11940
11941
11989
11577
7272
12020
12072
12296
12253
12275
12308
12324
12332
12334
12364
7876
12497
12518
6588
12592
12614
3875
12679
12698
12718
7458
12761
12769
12806
12814
12782
12796
12822
8662
12829
618
12880
12894
12912
12928
12555
13072
13080
13082
13131
13139
13195
13199
13248
13241
13250
5238
13283
11628
13312
13352
13429
13438
13442
13462
13466
13498
13511
13580
13586
13602
13647
13654
13705
3158
6226
5815
13758
13761
20
1486
13796
12944
13860
13892
10119
13902
13917
13950
4134
14057
14122
14126
14158
14196
14199
13379
13931
5777
14218
14246
14263
14273
14276
14277
14298
14307
14316
14322
14378
14388
14400
14383
11892
14485
14488
14512
14601
14602
14631
14635
14655
6291
163
14732
14698
14723
14728
14731
1697
1698
14808
14824
14889
14932
14933
13984
15073
15089
15067
15103
5822
15135
15158
15156
15168
15183
15249
15256
15260
15296
15271
8432
15312
15363
15395
15396
15405
15413
4568
2763
15489
15520
15521
168
15560
15569
3310
15643
5484
15722
15769
15782
15839
15852
15858
15864
15986
15993
9890
16042
16055
16071
15187
15172
16128
16158
16237
16239
16285
16344
14686
16331
16356
16357
16400
11197
16452
7443
16542
16550
16558
16608
16611
16638
5633
16676
16695
4952
4663
16785
16799
4606
16874
13493
16878
16933
16940
17012
17112
17123
7041
15602
17159
17162
17163
17184
17228
17377
17427
17426
13889
17527
17558
17584
17604
10327
17692
17693
17742
17752
17758
6896
17825
15961
17248
17891
17917
17921
14995
18013
18052
18054
8790
18103
18131
10682
12724
18211
18213
18269
4630
4643
5720
18314
18342
18345
5768
18405
17646
18526
18537
18564
18584
18594
18600
18620
13170
5711
18696
18766
18832
2878
18955
8797
18985
19144
8844
9787
19231
19218
10735
19268
19270
14459
19416
19418
19429
19461
19475
19554
19100
12994
19563
19593
19605
19614
19617
19678
19683
19711
19745
19747
19761
16374
19804
8657
928
18827
19913
19914
20046
10332
5753
20067
17244
8751
20088
20141
15504
20163
19861
20226
7871
20301
20406
20443
20455
20458
20553
17523
20636
20640
18059
20686
20710
14351
20838
20854
20850
20864
20877
20907
20948
20954
21097
21179
2847
9213
21214
21139
20024
21315
21389
661
9734
21539
21564
21608
20552
21901
21827
21863
982
21960
17595
21983
21995
22010
22014
22026
22077
22106
22160
22179
22210
22222
11827
22258
22404
22350
22430
22531
3404
22574
22588
13225
22650
22651
22686
16026
22779
22797
11644
20792
22806
120
217
9564
15380
2794
22965
23158
23168
23194
23275
1680
8899
4611
6640
23307
15378
23403
5729
23418
17789
18122
21518
17715
23633
23645
20949
17854
23806
23870
19333
23909
22945
23933
23958
23462
19462
23986
13744
23990
24024
24030
14568
11346
24065
9657
24180
24252
24269
24372
5817
24379
24386
13590
22194
24494
13501
6814
24574
24593
20855
24619
24675
24800
24842
5833
24872
23603
12976
24977
24982
25085
25082
9214
16937
25107
25113
21948
25170
25266
25276
25281
25283
21651
25362
24028
25430
25429
13175
19646
25498
25507
21285
9554
25609
22848
11698
16377
25778
16587
17836
25866
25883
25913
12045
25949
25947
25965
25987
26003
26056
1716
13926
11528
26172
26177
17924
26203
26215
26239
14551
25344
26395
20917
19966
26407
26415
25186
13233
26521
26542
22163
26577
26703
26303
9168
26754
25579
16772
25045
26791
19472
26801
26826
14031
11524
3679
10190
26906
5333
27052
27053
27064
27105
15101
27108
27186
27198
27210
27212
27236
27239
11818
27432
5824
27466
4098
27030
27123
19832
27658
16205
26733
27692
27344
23690
11579
27798
26861
27270
27827
27921
27981
27990
28177
28253
28358
28367
28407
28429
28331
28463
21331
28491
22719
28574
20048
28618
28929
29020
29061
29237
29311
29389
29465
23755
29597
29797
23762
29833
27590
24455
30780
30799
30759
30978
31051
31061
31162
49
230
262
281
315
319
327
345
370
373
478
506
594
601
643
631
634
723
788
1014
1016
1057
1089
1103
1108
1113
1131
1148
1152
1172
1180
1184
1223
1236
1244
1323
1435
1470
1610
1694
1761
1767
1778
1782
1798
1810
1817
1825
1843
1850
1870
1914
2033
2068
715
2183
2335
2346
2366
2384
2388
2418
2499
2500
2588
2623
2614
2671
2672
2747
2824
2812
2900
2910
2913
2950
2982
2988
2989
2990
2995
3026
3025
3090
3095
3068
3126
3160
3194
3207
3249
3255
3256
3277
3283
3304
3349
3352
3362
3630
3639
3669
2677
3686
3748
2302
3828
3823
3832
4039
4058
3896
3968
3970
3990
4008
4034
4057
4087
4143
4179
4193
4194
3908
4280
4282
4285
4300
4302
4375
4421
520
4488
4490
4491
4518
4536
4519
4558
4675
4682
4683
4686
4692
4694
4707
4708
4739
4752
4755
4768
4789
4857
4869
4894
4912
882
4677
4963
4993
5025
5182
5199
3769
5172
5217
5234
5429
5354
5379
5386
5403
5431
5450
5561
5563
5593
5465
5500
5579
5594
2853
5626
5637
5642
5645
5662
2682
4226
5840
4578
4587
5860
5885
5908
5939
5948
5952
6013
6018
6021
6029
6053
6055
6061
6083
6156
6157
6158
6206
6210
6211
6213
6139
6234
6262
6265
6309
6320
6326
6347
6358
6370
6365
6383
6503
6492
6522
6661
6650
6720
6762
6772
912
6872
6882
7179
7180
7135
7077
7101
7103
7115
7127
7137
7164
3143
7237
7249
7268
7287
7299
7381
7382
7525
7568
7585
7595
7623
7637
7639
7650
7702
7703
7709
7874
7917
7931
7958
7966
8054
8086
8099
8106
8199
8216
5671
8223
8162
8189
8257
8309
5789
8281
8438
8441
8508
8525
8610
8611
8619
8648
8705
8826
8864
8931
8940
8947
8956
8984
9012
9013
9054
9153
9302
9245
9262
9289
9295
9311
3882
9169
6898
9478
2247
9465
9517
9576
9577
5608
9649
9667
9700
9735
9747
3296
8115
9709
9802
9807
9811
7456
9909
9913
10005
10027
10037
10048
10063
10071
10085
10093
10094
10109
10110
10173
10175
208
10277
10285
10274
10276
5657
10326
10340
10419
10427
10437
10443
10454
1552
10500
10501
4213
10692
7054
10493
10752
10750
10771
10840
10844
10879
10880
10908
10923
10934
10951
8126
10987
11009
11035
11070
11071
11065
11151
11153
11199
4470
11170
11183
11247
