61
62
60
730
1
107
78
7
591
822
6
729
3460
1026
2
7762
553
7194
834
4543
52
1893
59
463
487
902
201
824
485
99
2069
1920
1362
8
555
625
9638
1309
2711
2725
481
1312
53
491
2625
1332
113
413
1032
752
5615
1330
1262
7341
9598
1909
3699
1974
7767
70
1493
816
72
622
449
2641
451
5101
18
2133
1458
2124
388
1394
2939
111
16699
703
1650
3274
435
7485
651
3378
2986
4100
1900
23846
11343
2022
3331
472
73
1345
5
3078
849
447
751
1556
14535
859
904
3750
202
51
20323
68
2552
460
77
1498
662
6850
2648
4740
36
9664
196
13136
145
14466
7350
9933
1575
95
2045
1559
4534
1885
27499
2983
74
141
742
2047
694
7737
5793
3089
82
3756
44
906
488
782
4485
2035
2638
3447
15598
86
812
12087
1031
7163
733
897
7346
101
64
15714
5211
443
1304
1822
2091
10938
691
1313
1427
803
5604
21708
709
24558
32
727
1429
19696
3495
67
393
2739
6006
91
6116
11168
1279
2987
2331
13483
1431
10677
5392
483
1547
9594
11811
21802
1264
2128
2571
3268
6750
15964
3766
403
832
801
15595
1614
2380
5156
6816
2785
6403
2120
871
12106
2251
5126
717
1472
468
2145
3453
476
3688
1377
761
1566
3861
3513
21993
1509
9529
69
93
7355
7774
5106
5983
20412
739
1679
6245
1453
2092
6069
16576
20963
20964
776
1310
16007
98
731
1452
2788
10405
1923
14491
1275
1780
2626
3524
4962
5085
3402
2517
4761
3
1484
2295
12403
92
9789
19121
14879
2553
2925
2841
8137
1896
2051
754
713
87
7306
7666
1290
2698
1564
711
3480
1635
4358
479
1808
14805
15013
10878
18020
14954
640
6462
9561
11119
15065
1308
3891
12930
312
3097
4628
80
27
1322
617
1727
3139
3486
1866
2093
20726
1364
1490
28
787
1371
3047
3452
3489
20297
9980
24014
455
1983
6692
10788
7879
15444
58
1631
821
1293
5623
3102
3773
1317
913
6701
9966
10920
1283
3814
4444
12909
5480
656
1586
1611
1523
4975
12536
3069
685
6404
19362
465
1287
3571
3063
19373
459
1554
7547
6440
477
744
1526
1549
1935
2367
6091
1911
6812
8227
17010
1342
2151
3549
3742
7653
20495
54
1953
2238
203
6338
22
1296
1320
1337
148
2894
4045
25294
1910
2727
844
6760
10040
457
1069
7548
10105
3485
109
480
1277
1284
1572
1955
2561
2222
5930
9440
11432
458
1590
689
2769
621
1919
6002
2219
17618
114
482
2695
9134
9538
11286
2150
2789
4219
7120
1543
13066
650
734
678
3045
3691
3857
4541
910
9591
747
2000
2006
3523
3473
1600
1772
26
868
2981
5311
9677
10616
3487
896
4700
5170
11320
160
7679
878
736
1257
1555
1786
2040
714
1539
3182
7329
9004
9644
10619
13169
71
422
3840
11840
23133
1311
1335
854
2235
4557
5634
6048
7689
7873
718
2503
3514
5851
7766
1270
1398
3428
13855
23246
633
741
5162
6598
490
629
772
2601
3180
3231
4344
5391
5916
473
6827
16717
16530
2405
5110
470
2057
6953
9360
12935
21231
469
2518
3841
6335
7133
23712
1366
3260
471
7954
8031
9617
10127
14965
45
406
462
726
4108
7345
833
10060
14802
1272
2598
1412
5023
474
9145
15299
16897
39
732
1646
3443
446
5168
7358
7364
7983
9479
16912
206
1425
2060
5063
5224
6314
7344
6286
8451
10201
14996
26850
1615
864
796
4731
6330
6952
7138
9632
17941
23144
7849
792
615
3285
3596
7297
7351
2750
5178
1927
8717
7902
716
779
1381
1438
1947
2322
611
4383
2516
7670
7592
20213
21302
27199
1292
1456
2130
2527
3085
3190
6913
4573
3243
503
1422
1582
2577
2790
3444
4429
14575
12088
16557
31048
1594
3365
3764
5045
2055
4349
1531
7763
7796
11074
11368
3406
22634
63
2054
2506
2926
4101
549
14026
22133
790
1267
1329
1828
2067
2159
2161
2675
2119
3271
199
4191
4324
2653
11139
6690
8239
207
3150
3056
5149
2979
13451
8978
90
768
1619
2627
708
3422
3223
8350
8574
12221
15217
18965
740
748
1684
1561
2609
5428
6571
7939
3512
8975
16840
623
728
1500
2628
3117
4544
5253
5479
11235
7275
1421
2052
2611
2679
2929
4076
13923
15354
11126
644
769
865
1856
3257
3465
3716
5203
5145
2848
7667
4335
10524
14922
23177
23198
30025
1360
197
840
1917
2689
3295
4553
550
5621
908
7529
9721
31
5486
8740
14979
48
746
189
2387
5407
2282
8002
8589
5043
13567
11022
1316
1440
2364
2591
3900
4537
5122
690
5179
701
5382
5435
7018
7758
8365
5133
11200
14825
20897
16223
1779
893
2535
3536
5535
4436
8426
8604
2231
14685
15069
18413
710
784
823
3441
4237
4422
4954
5135
2094
3060
2556
4225
8442
4668
660
11558
11347
3481
16993
28995
9
10
1932
2046
3663
3407
5027
5030
5167
5256
892
7814
3703
9414
2234
20573
14909
1234
1343
1588
1622
2562
2629
4224
5031
7735
12135
13496
14561
3889
21907
24173
147
1536
1581
2353
2624
115
608
4551
5233
6140
3603
7739
10796
17626
17585
7302
20344
5469
17505
89
493
586
1007
1971
3850
6324
6842
7598
8369
2225
17066
25049
25470
21393
28986
539
750
1254
1855
2016
2349
2406
3566
3573
4276
4333
2262
9354
10411
4099
3819
9934
18030
7217
9859
9979
18784
16809
105
430
655
627
813
1273
1299
562
2732
3238
3526
3618
5389
7581
7855
9454
554
10442
2539
12617
15098
18012
17171
22019
23563
28412
16
1282
2080
2701
2703
2934
3616
5490
6034
7590
5152
5743
10352
10626
7434
14200
16923
8342
94
104
774
1252
613
2034
2325
2576
402
2705
2743
3144
2548
3448
977
3767
5541
6068
6073
6506
6672
6904
7781
9141
9784
11210
12645
15590
18511
18710
23648
84
735
1495
1512
2332
2587
2895
3539
3740
4059
5475
3604
6509
6923
7030
10402
5337
5274
12130
1203
1578
1975
3099
3100
3149
3624
5567
6023
6259
6532
7502
9565
6958
10232
13051
17096
18045
18627
20944
25495
27975
532
538
195
680
1248
1305
1306
1696
2146
2163
1411
3540
4053
5073
5161
5297
7997
8768
5222
11282
12973
15867
16014
14574
18261
23791
12539
423
1449
1747
2706
2951
3091
3610
7668
8006
9636
9643
4626
11538
15886
17628
20933
22162
19334
28563
565
1263
1401
165
1637
2752
2550
3650
3770
6181
6197
6381
6460
7625
8138
8646
4440
9547
10246
10939
11122
12619
6890
3713
16896
17455
13929
20358
15723
21289
40
786
1392
1415
1502
1430
1954
2148
2397
2635
2551
2719
2252
3702
4991
5574
6086
6107
1540
6989
7903
8212
8140
4976
9629
9944
10046
3400
28785
29077
108
371
512
1167
1589
1887
1625
4439
4811
6804
7982
8080
8910
8478
10223
6993
11406
13519
14924
16504
16713
6686
18335
20348
26279
420
456
692
1443
1537
1560
1757
1766
2139
2352
2578
3027
3066
3768
5157
1676
6080
6256
6508
1558
7449
7519
7690
4214
9742
10439
10942
11152
11207
4979
5459
13165
20531
12777
25792
1886
2545
2985
2287
3224
3548
4401
5171
5208
4959
3307
1707
5583
5321
5660
5802
894
7683
3706
9535
9652
3915
10189
1496
11124
12028
9550
6688
918
15307
16777
18039
19046
17435
25950
15466
28782
502
1285
2004
1530
2197
42
3128
25
4988
5094
4582
5852
6258
1890
6851
808
6932
8904
869
9138
9421
9676
9717
9818
2876
10345
872
11117
11427
13461
15391
17095
18629
7342
13230
16475
55
464
641
722
1294
2129
2893
3329
1521
5183
5195
5491
5113
6542
7100
7395
7414
7565
10171
895
10519
1925
4336
13533
16277
18028
2509
11191
20411
21803
1120
1265
1307
1609
2002
1959
2590
2852
2999
3088
3135
5013
5419
907
5740
7371
8725
4562
9063
9625
10620
7607
11303
11932
12107
14482
9875
15309
15344
4620
22068
20762
8481
25388
27462
284
1448
560
1510
496
1777
2135
2461
2457
2459
2881
2681
3439
3682
3808
8145
6132
9605
10527
11543
11812
13788
1654
15436
17611
17679
19719
21185
19587
25087
522
1107
1251
559
1711
1725
2330
169
2935
198
3724
4042
4062
2090
5406
5552
6207
6255
7742
8358
9273
9596
9758
4575
6754
2780
11172
11376
11142
12186
15898
19522
13477
21996
22431
23446
25385
25714
31060
76
687
1441
1518
1606
2604
2736
2269
2969
3464
3504
4482
5945
6704
3468
7755
8085
10581
5301
7884
15062
9395
17156
6960
19516
10800
10617
235
518
1106
1276
1302
1326
1437
1457
1620
2630
3203
4061
4961
5869
6078
6352
903
6608
7531
7671
7733
7816
8390
8588
8997
10013
696
10580
12768
8747
3226
15982
10356
18683
19367
19639
4113
5243
23413
719
1253
1327
686
2014
2162
2393
2613
2737
3020
3101
3440
3551
3595
3695
4116
4390
684
5639
5643
3859
6351
6975
2726
7363
7522
8260
8810
9300
3594
9671
1926
8905
11788
11786
13827
16308
10718
17807
5476
2834
16578
2958
18619
21047
18700
13841
27965
81
1491
2170
2263
2992
2685
3187
3450
3520
3985
5257
5546
6072
909
3817
6949
7760
8727
5663
9530
10092
10407
6819
12234
12795
1912
5655
14560
15261
8356
16764
16910
19002
3812
24113
28910
100
106
227
310
566
572
1109
1418
1829
3181
862
3656
4560
5105
5554
6180
905
6512
7008
6285
7465
8396
4416
9630
9688
4413
10072
10438
10614
10654
9522
10684
2528
10497
11878
12813
13526
14268
12138
14726
15500
16898
19142
19560
5049
23726
24509
75
760
775
1126
1369
1455
1535
2340
2392
614
2288
3534
3778
4753
4998
5104
5345
5269
5931
6224
6102
6533
6540
6652
7222
7463
7545
3867
7736
5816
8352
9091
6820
9394
2095
11188
11983
3302
12241
12394
13098
13540
7436
14981
16560
17609
18306
10884
19506
18942
20736
21943
23442
2508
16921
11242
28451
29035
29240
65
146
453
507
1553
1690
1951
1978
2160
2122
2317
398
2583
2600
2513
1675
2896
3201
3251
4075
4684
5078
5837
1918
6312
6666
6769
6810
8375
8421
8434
8872
9760
6976
9938
10491
11955
11088
13460
14456
5462
9519
9008
16553
17732
4601
19591
20095
18641
22078
103
1278
1355
1451
2013
2073
2589
2718
2945
3642
3692
3073
4242
4725
5093
5188
5590
5872
6008
6042
6752
6875
1511
7452
7686
7860
7953
9512
30
10145
6888
10963
10997
11096
2239
10871
11905
7881
12067
12267
12608
12911
14274
7622
15885
16761
19876
20641
21126
21546
4951
17622
26156
29654
43
56
224
428
437
649
1145
1194
1402
1567
1617
986
2605
2643
2783
3212
3305
3653
3838
704
3957
4489
4986
5072
6205
6646
6847
6908
7495
7572
7721
8341
4378
9019
8477
10506
10881
13484
10260
5264
11366
11424
15842
15956
15973
16813
17473
18650
18858
14567
19420
18659
21757
23432
7743
24746
25255
27554
289
597
725
1685
2136
2415
2580
2612
1548
2633
3442
3712
4995
5061
5169
5348
5467
6535
7313
6284
8577
9040
466
9618
9763
5141
10962
11108
11287
11407
12017
12069
12213
11311
14679
15094
12582
11025
16985
17072
21363
21840
24672
7896
25048
28680
411
603
1053
1094
1259
1607
1618
1819
1830
1933
2043
2137
2178
2290
2307
2754
3132
37
3451
3620
4009
2097
5514
6144
6246
6360
6399
6815
4958
7119
7962
7981
8161
8343
6427
8902
9315
9569
2515
10945
6738
2089
2237
11365
12872
13584
13587
6802
2115
10187
10976
12821
15092
15085
15808
20826
16755
20633
24980
19583
636
23
953
1596
1867
1972
1993
616
2138
2141
2153
2324
2449
2569
2845
3072
3137
3071
3216
3229
162
3346
3958
3316
5946
5974
6619
7062
7162
8712
6817
5289
3317
9774
10237
10515
10547
6803
11218
11887
12109
12145
14675
12169
15561
10774
16167
16181
16518
11095
4973
17447
17765
19485
10826
21110
23928
15105
21284
29050
637
755
780
1229
1256
1603
2031
2179
2304
2595
2646
2716
2678
2758
2912
3053
3384
3615
664
3804
1939
4015
1489
4350
3762
4925
5000
5036
5092
5184
5533
5576
5271
5984
6058
6155
6600
4435
6770
6869
7023
7131
7643
7786
8377
8418
5134
10557
6609
10710
10853
10743
6289
14499
14658
14956
15859
5613
15915
16243
16534
16555
13506
17659
17747
5058
19633
20785
5302
10893
27287
28691
30092
1135
1303
1375
1591
1593
1692
1743
1834
2126
2616
2645
2782
3123
3166
3348
3511
3956
4031
4538
4732
4939
5001
5159
5164
401
5293
5365
5369
5553
5625
6319
6479
6500
7200
7296
7352
6283
8048
8204
5130
8462
2649
9504
9648
4651
10646
11627
6941
11087
13822
705
12191
15394
13495
9738
16920
18016
18235
19116
19339
20352
7753
17045
23132
12917
6561
16666
27349
27768
28802
112
311
805
15
1314
1325
1353
1497
1580
1598
2032
2155
2181
2326
2596
2622
2713
2917
2928
3121
3275
3546
3611
3634
3638
3789
3834
4190
4533
5501
5592
5605
2118
4579
1384
6329
3705
4203
7372
9624
5242
7044
6978
9963
10282
10435
10804
6755
10940
11112
5709
11386
11772
12105
13057
11908
13507
4484
1940
14578
14958
15304
12115
15417
15785
16914
17824
12188
18609
18730
829
18905
22113
22487
20341
23038
27005
27906
27882
29877
7859
117
118
1072
1363
1480
1565
1571
1687
1774
1827
1879
2156
2592
1538
2233
2715
2768
1534
3298
3338
3355
3364
3403
3612
3169
3777
3815
5029
5559
5494
3494
5628
2273
6036
6188
5834
6614
6822
6863
7360
7005
7716
7803
5696
5300
8599
8130
8817
9042
9847
10196
10318
10406
10455
10532
10916
10937
1550
11678
11769
12798
7281
14250
14260
14278
14672
13369
14880
15006
11931
15386
9531
15727
5477
15865
16073
3888
16224
17958
9731
17619
18940
19040
20049
20266
21081
23057
23170
20804
24408
10885
28881
29213
1300
1519
1562
1601
2180
2256
2493
2712
2755
2757
3076
3134
3175
3659
3720
4829
619
5405
5617
5306
3267
6204
2557
6242
6323
6356
6376
6834
6911
7945
9415
9592
9690
9755
10578
6131
11110
2546
11473
10866
6634
11390
2228
11956
11520
1930
10133
6438
12050
12198
3887
12857
11175
6685
1651
16466
6737
16977
18204
18274
18330
13817
22720
19934
1730
24616
24939
27375
29229
431
582
743
1079
1210
1274
1286
1359
1613
1776
1860
1970
2083
2597
3006
3082
3084
3146
1626
3592
158
3732
3836
3845
3860
3993
4720
4898
969
4969
5538
5958
5960
6201
6572
3760
6969
7361
7588
7503
7714
7865
8354
8734
4545
9389
9548
10518
10579
10789
5525
3605
11162
11601
6987
4109
12446
12636
4463
5690
13443
13458
13767
14563
14004
12708
4656
3062
16609
16623
17161
17321
17446
17448
18027
18756
5059
15360
20077
22469
8754
24021
13017
16566
25411
26266
27084
27634
28386
288
436
29
1243
1339
867
2017
2127
2362
2391
2607
2107
2776
2891
2941
3092
3151
3726
3749
467
4089
4288
4343
4446
4474
861
5137
3245
5250
1533
5361
5408
5516
5622
400
4586
6040
6045
6085
6152
682
2555
6249
6505
6459
6592
6651
3140
6946
3039
6288
7376
8068
8075
8091
8182
8331
7462
9049
9085
911
9357
10584
3301
10899
10906
10925
3698
10992
10216
11482
10862
11624
11663
3600
3866
13192
13491
13711
13825
14056
14205
14479
10795
15289
15336
14674
15438
5474
16031
16696
17323
17967
18587
20220
20230
20398
22039
20335
13016
10502
17463
22663
25053
10336
10734
26214
13474
22736
17703
28237
16385
31013
143
454
581
200
783
1212
1214
1260
1261
1297
1298
1348
1592
1741
1764
1968
2011
2142
2285
2411
2697
2714
3209
3383
3492
3547
3759
4016
4405
4535
4528
4532
4790
4931
1916
5034
5136
5165
4982
5636
5664
3677
5862
6424
6487
6667
6643
7307
7367
7426
7486
7599
7723
7886
8290
8326
3264
8457
8869
8966
9016
9056
9136
9405
9483
9518
9894
9906
3241
10039
10676
10715
10896
10903
10904
10907
10917
10211
11295
6977
5461
11759
12233
11364
10814
13455
11163
14285
14528
14334
6612
14680
15068
15014
15129
15447
15708
3154
3288
18175
18026
18032
16044
21422
14492
5478
22136
23723
23763
10208
23632
26316
18259
4228
28845
28731
571
1056
1249
1576
1633
1640
1701
2065
2292
2434
2723
2774
2942
3505
3545
3563
3670
3862
4085
4150
4208
4264
5006
5295
5415
2728
5975
6166
4486
700
6414
6659
6801
6951
7230
2514
7331
7582
8027
7961
5275
8397
5310
8643
8879
9411
9613
9603
9885
10042
3944
10364
10597
2187
3041
8711
10898
10964
10220
11299
11653
11791
11855
12011
12658
12676
12167
13545
11997
14046
14100
7441
15552
695
15796
12101
16735
15716
17689
13504
13171
18936
18872
19143
9855
19558
19715
7049
20065
19355
20305
20333
20961
21921
21522
25678
25841
26785
7339
28021
30745
85
580
626
675
720
1061
1207
1399
1689
1744
2048
2669
2717
2748
2749
2808
2947
3049
3133
3225
3393
3667
3895
4007
4026
4060
4321
4360
4520
4741
4762
4966
5064
5121
2058
5200
2688
5488
5967
6354
4441
6629
6998
7276
7325
7335
7348
7740
7944
8141
8271
8613
8687
386
8870
9033
9355
9379
9600
9612
9841
10065
10179
10248
6452
7327
10412
10536
10592
10658
10897
10912
10913
10918
10919
10941
3508
7593
1924
11752
11992
11976
10665
12741
12905
13061
