0
2
4
8
9
11
14
16
19
33
34
38
39
42
43
44
45
47
48
50
51
53
54
55
56
58
59
62
63
66
67
69
74
76
82
83
87
91
101
105
111
124
125
127
133
135
137
142
144
145
147
148
153
154
155
157
161
162
164
165
166
168
173
175
177
180
189
191
192
197
198
200
201
202
206
207
210
212
214
222
224
225
226
227
228
229
231
234
236
237
239
243
245
247
248
250
251
252
255
258
259
265
267
270
274
275
276
281
285
287
288
290
292
294
296
297
298
300
301
303
305
308
309
311
312
315
318
322
324
327
332
333
334
339
341
342
343
344
345
347
348
352
353
355
356
359
360
361
362
363
369
370
375
376
377
378
382
385
386
394
395
398
400
403
404
406
408
410
412
417
418
420
422
424
427
428
432
435
437
438
445
448
449
451
454
456
459
461
464
466
468
469
470
471
472
473
474
476
477
478
480
481
485
486
493
497
498
500
503
506
510
512
513
517
519
526
530
531
535
536
537
538
541
542
543
544
545
548
553
554
557
563
564
565
569
570
574
576
577
581
584
587
590
594
597
603
605
607
612
614
615
621
624
629
630
632
636
639
643
644
645
646
660
661
663
664
666
667
669
670
677
682
684
687
694
696
697
701
705
710
711
714
719
723
726
727
728
731
732
736
737
739
740
746
747
753
754
756
759
760
761
762
764
765
772
774
775
776
778
783
791
792
794
798
805
806
809
815
819
823
825
826
828
831
836
837
840
844
847
853
855
859
860
862
868
870
874
876
877
879
883
884
887
892
893
895
901
904
906
910
920
922
925
933
937
939
943
944
950
951
952
960
961
963
964
966
972
979
981
988
989
994
995
1002
1004
1005
1007
1014
1016
1018
1020
1022
1023
1026
1031
1032
1033
1034
1036
1037
1038
1039
1040
1042
1044
1046
1048
1051
1053
1063
1064
1066
1070
1073
1074
1076
1078
1082
1086
1090
1091
1094
1098
1100
1105
1111
1114
1122
1124
1131
1133
1136
1137
1138
1139
1141
1142
1145
1146
1148
1149
1151
1156
1157
1158
1159
1162
1163
1165
1173
1175
1179
1181
1185
1186
1187
1191
1192
1193
1194
1195
1196
1197
1198
1201
1202
1203
1207
1208
1210
1211
1212
1213
1218
1221
1225
1233
1237
1238
1239
1240
1242
1246
1248
1249
1250
1254
1259
1262
1265
1268
1270
1271
1273
1274
1275
1280
1281
1287
1289
1292
1294
1295
1298
1299
1302
1303
1305
1306
1309
1311
1312
1313
1319
1320
1321
1325
1331
1332
1333
1334
1335
1344
1346
1349
1350
1352
1354
1355
1356
1357
1358
1359
1360
1362
1364
1366
1367
1368
1371
1372
1373
1374
1378
1381
1382
1384
1385
1386
1388
1389
1391
1392
1397
1400
1402
1404
1408
1409
1417
1418
1421
1425
1426
1427
1428
1429
1431
1436
1438
1444
1446
1447
1448
1450
1459
1460
1463
1464
1467
1468
1473
1475
1476
1477
1480
1481
1485
1486
1488
1489
1490
1494
1500
1503
1505
1506
1507
1508
1512
1514
1515
1521
1524
1526
1528
1529
1538
1539
1545
1547
1549
1552
1556
1557
1559
1560
1561
1565
1566
1567
1569
1570
1575
1577
1579
1580
1586
1590
1592
1595
1596
1597
1602
1603
1604
1606
1607
1612
1615
1616
1617
1620
1623
1625
1631
1632
1633
1637
1638
1640
1645
1646
1648
1649
1651
1652
1654
1656
1658
1660
1661
1662
1664
1665
1667
1668
1669
1670
1675
1677
1678
1679
1683
1685
1686
1688
1690
1692
1696
1700
1702
1704
1705
1709
1711
1714
1719
1721
1723
1725
1726
1727
1728
1734
1736
1740
1741
1742
1747
1749
1750
1754
1759
1760
1762
1763
1764
1765
1770
1773
1775
1778
1779
1785
1786
1790
1792
1796
1799
1800
1807
1813
1823
1825
1828
1830
1831
1832
1836
1837
1838
1841
1842
1846
1849
1854
1856
1857
1863
1864
1868
1870
1871
1874
1877
1880
1882
1887
1889
1890
1895
1896
1898
1913
1915
1919
1922
1924
1926
1933
1934
1937
1938
1939
1940
1942
1946
1948
1951
1953
1954
1956
1961
1962
1963
1965
1968
1969
1972
1973
1976
1978
1982
1988
1991
1994
1998
2000
2004
2005
2006
2011
2013
2014
2016
2020
2022
2024
2026
2030
2031
2032
2033
2034
2035
2043
2046
2048
2049
2050
2051
2053
2054
2057
2058
2059
2063
2064
2065
2069
2073
2076
2077
2078
2079
2081
2083
2084
2086
2088
2091
2093
2095
2099
2100
2101
2102
2104
2105
2106
2108
2109
2110
2114
2118
2124
2133
2135
2137
2138
2140
2142
2146
2149
2150
2151
2158
2160
2162
2164
2170
2172
2173
2175
2176
2178
2179
2181
2182
2183
2185
2186
2191
2193
2194
2197
2198
2204
2205
2206
2207
2208
2209
2213
2217
2218
2219
2221
2223
2226
2228
2234
2235
2237
2238
2242
2244
2246
2247
2248
2252
2254
2255
2256
2257
2265
2272
2274
2277
2278
2279
2281
2284
2285
2286
2290
2292
2294
2295
2296
2300
2301
2307
2310
2311
2313
2316
2321
2322
2323
2327
2328
2330
2333
2337
2338
2339
2341
2350
2351
2355
2356
2358
2360
2368
2369
2373
2374
2378
2381
2382
2383
2385
2386
2387
2388
2389
2390
2391
2392
2393
2395
2396
2397
2400
2401
2402
2403
2406
2407
2412
2413
2419
2420
2422
2423
2425
2426
2429
2430
2433
2437
2439
2440
2444
2445
2446
2449
2453
2458
2461
2462
2464
2465
2466
2468
2469
2471
2473
2475
2485
2486
2489
2495
2496
2499
2503
2504
2505
2508
2513
2514
2519
2523
2527
2529
2533
2535
2537
2538
2541
2550
2553
2554
2556
2562
2564
2565
2566
2567
2569
2570
2573
2576
2580
2582
2584
2586
2587
2588
2594
2599
2600
2602
2603
2604
2605
2611
2621
2622
2625
2626
2629
2633
2636
2640
2646
2650
2651
2653
2656
2657
2658
2659
2660
2664
2667
2669
2671
2672
2675
2677
2682
2688
2691
2696
2701
2705
2708
2710
2711
2715
2716
2721
2722
2724
2725
2730
2737
2740
2741
2745
2748
2750
2755
2756
2762
2765
2767
2769
2771
2772
2773
2776
2779
2780
2784
2785
2786
2790
2791
2798
2799
2800
2805
2806
2807
2808
2809
2810
2814
2817
2819
2822
2830
2831
2832
2835
2838
2840
2846
2847
2849
2853
2854
2855
2861
2862
2863
2868
2869
2871
2874
2875
2876
2877
2878
2879
2882
2885
2886
2890
2896
2897
2898
2900
2901
2902
2907
2908
2909
2913
2914
2923
2927
2929
2932
2933
2940
2943
2949
2950
2955
2957
2958
2960
2961
2970
2973
2974
2979
2982
2984
2986
2987
2993
2995
2998
3000
3001
3003
3006
3008
3010
3016
3018
3024
3025
3031
3032
3034
3037
3041
3045
3046
3048
3049
3055
3056
3064
3066
3067
3074
3075
3076
3078
3084
3099
3101
3108
3112
3113
3114
3115
3123
3127
3130
3131
3132
3142
3144
3149
3156
3157
3159
3165
3167
3169
3170
3177
3179
3181
3183
3184
3189
3204
3205
3209
3210
3214
3223
3225
3234
3237
3238
3240
3242
3245
3247
3249
3255
3258
3260
3261
3264
3268
3269
3270
3271
3273
3274
3283
3287
3288
3289
3291
3293
3303
3305
3311
3320
3325
3333
3336
3340
3344
3347
3354
3358
3360
3366
3367
3373
3375
3376
3377
3378
3379
3382
3385
3387
3390
3391
3392
3396
3398
3400
3404
3410
3423
3425
3426
3427
3429
3431
3434
3437
3442
3443
3444
3446
3449
3450
3451
3453
3455
3456
3458
3459
3462
3463
3464
3467
3470
3477
3479
3481
3484
3488
3489
3490
3494
3495
3496
3502
3505
3506
3509
3514
3515
3519
3520
3523
3528
3533
3541
3543
3546
3557
3560
3565
3566
3568
3570
3571
3575
3576
3582
3589
3590
3601
3602
3603
3605
3610
3621
3627
3630
3637
3638
3639
3642
3643
3646
3649
3655
3656
3665
3666
3668
3669
3670
3673
3677
3679
3681
3683
3686
3688
3695
3696
3704
3705
3714
3717
3722
3727
3734
3736
3738
3739
3740
3742
3747
3748
3751
3752
3753
3755
3761
3762
3768
3772
3775
3781
3782
3785
3793
3794
3795
3796
3797
3798
3801
3802
3803
3804
3806
3807
3809
3810
3811
3820
3821
3823
3824
3825
3829
3834
3835
3836
3837
3839
3840
3841
3843
3846
3850
3851
3855
3856
3857
3858
3861
3864
3870
3872
3877
3878
3881
3885
3886
3888
3889
3890
3892
3894
3902
3903
3904
3905
3906
3907
3909
3913
3915
3917
3920
3930
3935
3936
3940
3941
3943
3944
3945
3946
3951
3954
3963
3964
3970
3972
3975
3976
3978
3984
3988
3993
3995
3997
4000
4004
4005
4006
4009
4010
4011
4012
4013
4014
4015
4017
4018
4019
4022
4023
4026
4027
4029
4032
4034
4036
4037
4038
4040
4041
4042
4043
4051
4053
4056
4061
4066
4068
4070
4072
4074
4075
4076
4084
4085
4086
4088
4090
4094
4096
4097
4098
4099
4108
4109
4111
4112
4115
4116
4117
4119
4120
4122
4123
4124
4125
4126
4127
4132
4134
4136
4138
4140
4141
4143
4145
4146
4149
4150
4153
4155
4158
4160
4162
4163
4171
4173
4174
4175
4178
4181
4182
4184
4185
4187
4188
4190
4192
4194
4195
4196
4199
4201
4204
4205
4207
4208
4215
4221
4222
4225
4226
4227
4228
4231
4236
4238
4239
4241
4242
4243
4245
4246
4247
4248
4261
4263
4264
4265
4266
4269
4271
4273
4274
4276
4278
4280
4281
4285
4287
4288
4290
4291
4292
4294
4297
4302
4304
4306
4308
4311
4312
4319
4320
4321
4324
4325
4326
4328
4329
4336
4338
4341
4343
4344
4345
4348
4349
4353
4354
4359
4361
4367
4368
4371
4372
4373
4374
4385
4389
4391
4397
4398
4399
4403
4404
4409
4410
4412
4420
4422
4424
4427
4428
4429
4434
4437
4441
4452
4459
4462
4465
4481
4487
4498
4506
4535
4537
4541
4549
4551
4552
4553
4554
4555
4565
4566
4571
4579
4581
4582
4585
4586
4592
4594
4596
4601
4602
4608
4610
4613
4615
4620
4622
4623
4627
4634
4635
4638
4639
4641
4645
4648
4650
4654
4659
4660
4666
4668
4670
4672
4674
4675
4678
4680
4683
4689
4697
4699
4704
4705
4707
4710
4713
4720
4721
4723
4726
4728
4731
4732
4741
4745
4755
4757
4759
4760
4761
4771
4773
4774
4776
4777
4781
4784
4790
4791
4795
4807
4808
4810
4813
4817
4824
4837
4838
4839
4842
4843
4849
4851
4855
4866
4868
4872
4878
4893
4895
4913
4915
4917
4919
4920
4922
4923
4925
4928
4932
4935
4938
4939
4940
4946
4948
4951
4952
4953
4956
4962
4966
4978
4979
4980
4981
4983
4984
4987
4988
4991
4992
4994
4995
4996
4998
4999
5001
5004
5005
5007
5009
5010
5011
5019
5023
5024
5025
5026
5027
5034
5039
5041
5046
5072
5074
5076
5080
5083
5091
5093
5097
5101
5102
5105
5107
5114
5119
5121
5139
5145
5158
5164
5166
5169
5178
5179
5185
5191
5193
5195
5198
5199
5201
5204
5206
5207
5211
5212
5213
5216
5217
5219
5222
5223
5225
5228
5229
5230
5232
5237
5239
5243
5244
5245
5247
5248
5251
5252
5254
5255
5258
5265
5266
5272
5273
5274
5277
5279
5284
5290
5292
5301
5303
5304
5309
5317
5318
5335
5341
5353
5361
5363
5371
5372
5376
5380
5385
5393
5403
5412
5416
5419
5427
5428
5430
5432
5433
5436
5437
5439
5441
5442
5445
5449
5450
5451
5452
5454
5458
5460
5463
5469
5473
5477
5483
5486
5488
5492
5493
5499
5500
5504
5505
5506
5508
5509
5515
5522
5524
5527
5528
5536
5537
5539
5544
5549
5550
5552
5553
5554
5556
5559
5565
5569
5572
5575
5579
5580
5587
5588
5589
5596
5600
5604
5605
5606
5609
5611
5613
5615
5618
5621
5624
