1
13
20
22
24
28
29
30
36
49
52
60
68
70
71
75
77
79
80
85
86
88
90
93
94
95
97
99
103
108
113
115
116
117
118
121
128
129
134
138
139
141
143
149
150
151
152
156
159
160
167
174
179
187
199
211
213
217
218
220
223
230
232
233
235
240
242
253
256
261
262
264
273
278
279
280
282
283
284
293
295
302
304
310
313
316
317
319
323
329
331
335
336
338
340
346
351
354
358
365
366
367
368
372
373
379
381
384
388
389
396
397
399
401
426
429
443
447
452
457
462
467
482
488
490
496
501
508
515
518
524
528
540
547
555
558
560
566
582
585
611
616
620
628
649
650
651
662
665
674
692
693
704
706
709
715
716
717
722
724
725
752
773
787
810
849
858
864
881
913
919
942
992
1009
1019
1024
1035
1056
1065
1069
1071
1072
1084
1168
1183
1184
1219
1220
1231
1251
1257
1258
1278
1285
1323
1328
1353
1369
1383
1387
1390
1395
1439
1440
1445
1452
1453
1458
1465
1471
1478
1492
1493
1504
1510
1517
1520
1531
1535
1541
1544
1548
1558
1562
1563
1573
1574
1578
1581
1582
1583
1585
1588
1589
1593
1594
1601
1610
1611
1621
1624
1627
1634
1641
1643
1650
1666
1701
1708
1722
1729
1730
1735
1739
1753
1755
1761
1767
1768
1771
1780
1781
1783
1788
1791
1798
1815
1822
1835
1840
1845
1850
1859
1860
1886
1891
1893
1901
1908
1916
1920
1928
1945
1947
1958
1979
1984
1989
1995
1996
2018
2019
2027
2044
2055
2056
2060
2068
2075
2085
2092
2120
2121
2127
2132
2134
2143
2154
2157
2163
2165
2166
2180
2184
2187
2190
2199
2202
2203
2210
2214
2220
2222
2224
2231
2232
2233
2240
2243
2253
2262
2263
2267
2269
2273
2276
2280
2282
2287
2289
2291
2297
2302
2306
2309
2314
2319
2324
2331
2404
2427
2432
2438
2442
2448
2451
2452
2463
2470
2497
2507
2555
2558
2561
2568
2577
2593
2595
2596
2614
2615
2620
2624
2632
2634
2637
2654
2661
2663
2665
2666
2668
2685
2686
2703
2704
2709
2714
2717
2726
2732
2758
2759
2764
2766
2770
2801
2802
2815
2816
2820
2824
2825
2826
2827
2841
2842
2845
2850
2867
2881
2888
2891
2892
2895
2899
2904
2905
2941
2942
2947
2948
2953
2959
2962
2965
2967
3004
3053
3068
3071
3083
3180
3253
3266
3298
3412
3789
3812
3814
3816
3817
3826
3831
3849
3860
3862
3876
3914
3922
3923
3925
3933
3934
3952
3956
3957
3961
3969
3971
3982
3996
4020
4035
4046
4048
4049
4062
4073
4091
4093
4100
4101
4103
4106
4113
4137
4139
4142
4144
4148
4152
4154
4159
4164
4166
4186
4189
4209
4214
4218
4220
4234
4235
4257
4286
4335
4337
4355
4360
4480
4489
4491
4568
4637
4647
4658
4677
4715
4815
4921
4936
4967
4982
4990
5021
5035
5045
5051
5057
5189
5241
5268
5269
5305
5414
5434
5440
5457
5466
5467
5485
5495
5496
5519
5531
5535
5558
5571
5577
5585
5592
