898
1280
1614
2070
2282
3233
3744
4117
4202
5275
5623
6779
7683
8264
8679
8732
8941
9522
9736
10039
10067
10226
10614
470
939
956
980
2836
3911
4017
4552
4659
4791
5636
6076
6747
7705
7918
8346
8983
9584
33
108
190
283
496
542
916
965
1254
1647
2810
2989
3128
3385
3794
4247
4563
4565
4748
5487
5585
7258
7896
8979
9606
10019
11705
13510
85
296
328
645
736
821
1118
1908
2404
2571
2578
3356
3725
4559
4647
4785
5422
5457
5539
6488
6759
8333
8711
8834
10479
521
981
1454
1968
2637
2904
3691
3788
3945
4099
5185
6093
6138
6521
8412
8741
8832
9983
10360
10636
11179
12262
168
331
665
1473
1486
2634
2678
2874
3410
4399
5368
6245
6273
6315
7113
7304
8055
8289
9011
10212
11330
11805
11947
92
273
317
532
1231
2605
3076
3124
4290
5125
5197
5212
6050
6343
6404
8703
8838
9015
9475
10057
10256
10601
10954
11450
110
272
324
550
638
1303
1556
1646
1784
1864
2408
2466
2557
2822
2951
4646
5700
5912
6178
6427
8915
93
95
373
457
487
695
918
1066
1083
1616
1818
1882
2324
2431
2569
3789
4139
4174
4431
4754
6497
6755
6872
7668
7890
8056
8375
8693
8990
9484
9986
10465
10773
10871
88
169
182
188
944
1306
1939
1999
2427
2689
3358
4704
4762
5058
5168
5493
6169
6274
7240
7748
8222
8700
9012
9243
10230
13649
633
860
1793
2269
2703
2753
2802
3363
3684
4213
4243
5100
5116
6243
6484
7927
7966
8010
8671
9461
10541
11320
148
256
664
1247
1856
2106
2355
2700
2806
2994
3247
3817
4187
4364
4539
5486
5588
6402
6466
6973
7708
8018
8959
8973
9031
9321
9808
10588
10970
21
160
186
426
983
1111
1251
2017
2455
2714
2788
2792
3127
3199
4453
5097
6039
6211
6225
6351
6588
7327
7335
7347
8790
9457
9844
10442
10583
10916
11032
11293
871
883
1209
1445
1825
2043
2509
2614
2776
2811
2815
3185
3753
4179
4239
4457
5226
5771
6108
6496
6868
6908
8038
8427
8754
8783
8903
10643
10654
10711
10803
11896
363
1256
1279
2593
2629
2787
2880
2921
3080
3119
3190
3923
4018
4059
4226
4517
5016
5220
5454
6492
7311
9116
9306
9561
9592
9955
10404
10603
11051
11428
41
271
364
923
967
1061
1269
1597
1932
2298
2354
2374
2467
2468
2759
2764
2835
2940
3175
4014
4074
4216
4219
4272
4660
4781
5153
6095
6219
6469
6913
7333
7725
8054
8181
8244
10012
10033
10207
10317
10573
10578
10590
10862
11033
11335
210
869
1002
1387
1555
1605
1754
2014
2271
2566
4114
4985
4995
5171
5187
5598
6590
7286
7655
7881
9523
9538
10421
10642
10692
10810
12577
13286
13486
639
774
1551
2277
2312
2673
2867
2953
3770
4062
4789
5064
5115
5270
5299
5800
6423
6770
6798
6968
6971
8391
8410
8888
8932
9013
9503
10028
10218
11067
11629
12008
12116
12703
315
618
749
920
1047
1142
1191
1198
2402
2901
2916
3191
3231
4338
4378
4412
4702
5005
5011
5373
5408
5417
5447
5688
6122
6376
6463
6515
6564
7003
7675
7692
7722
8176
8230
8376
8580
9520
9645
9650
10825
10831
10929
113
139
455
508
650
654
688
751
1060
1339
1583
1755
2281
2290
2400
2618
2741
2948
3786
4010
4127
4153
5006
5049
5252
6117
6364
6586
8584
8982
9764
10041
10180
10628
10741
11673
24
134
483
489
634
723
975
999
1360
1589
1906
2379
2847
2862
3235
3774
3777
3791
4094
4141
4377
4707
5281
5337
5367
5401
5829
6722
7952
8291
8396
8464
8617
8927
8949
9008
9101
9319
9563
10238
11044
12220
56
611
1379
1610
1826
1898
2683
2812
2859
2979
3232
3321
3484
4009
4103
5017
5104
5147
5850
6279
6808
7020
7228
7298
7715
8065
8180
9001
9315
9325
9529
9766
10042
10544
10684
10889
11042
11165
11339
11347
12071
71
254
279
516
1093
1184
2325
2680
3148
3629
3813
4128
4501
4503
4792
4817
5269
5325
5332
5648
6142
6168
6467
6589
6886
7114
7397
7676
8027
8221
8334
9483
9598
9617
10169
10176
10242
10631
14
773
904
926
973
1431
1511
1843
1852
2397
2552
2638
2881
3832
4063
4197
4491
4541
4592
4972
5240
5455
5540
5761
6124
6220
6445
6474
6757
7035
8040
8285
8293
9469
9546
9608
9718
10044
10424
10542
10705
11087
11252
11642
11860
12251
86
103
441
593
754
1090
1145
1302
1386
1880
2583
3890
3960
4161
4162
4221
4516
4727
5262
5286
5483
6118
6153
6318
6330
6399
6481
6543
7264
7332
7936
7940
8308
8686
8757
8781
8833
8884
9163
9443
9653
10048
10061
10381
10441
10755
11005
251
499
632
1376
1494
1653
2809
2870
4184
4238
4686
4799
4808
4988
5043
5063
5725
5784
6114
6632
6768
7380
7789
8344
8806
9448
9456
9552
10001
10268
11423
194
291
588
591
735
818
1048
2286
2434
2558
2872
3218
3447
3780
3876
4012
4119
4120
4723
5267
5500
5835
6007
6115
7252
7266
7369
7473
8229
8409
8698
8974
8992
9831
9992
11255
12687
132
153
209
232
386
410
792
1489
1553
1806
2483
2547
2783
2876
2969
3833
4271
4556
4974
5259
5606
5918
6451
6775
7945
8016
8290
8574
8592
8971
9121
9627
9738
10031
10499
10560
10630
10685
802
936
1244
1349
1451
1453
1737
1853
1989
1991
2366
2737
2908
2915
2986
3007
3258
3369
3448
3731
3827
3931
4312
4454
4508
4668
5108
5496
5627
6385
7271
7315
7323
7373
8614
8750
9878
9941
10501
10694
10997
11821
313
342
403
438
657
837
884
952
1772
2445
2458
2688
2968
3355
3708
3836
4138
4777
4999
5333
5476
5660
5776
5856
6290
6421
6796
7046
7875
8153
8326
8347
8470
8535
8557
8929
9459
9570
9672
10029
10279
10324
10349
10417
10467
10554
10587
11083
11309
11412
11446
11480
28
151
226
531
742
1070
1224
1257
1318
1512
1582
1609
2592
2820
3703
3769
3962
4159
4296
4788
4824
5009
5239
5327
5335
5362
5618
5805
6433
6461
6473
7232
7910
8155
8594
8779
8882
8896
9029
9596
9863
10510
10594
10672
11049
11213
11350
11476
12561
116
375
543
616
641
715
910
1416
2905
2971
3116
3217
3905
3934
4527
5139
5376
5562
5607
5804
5878
5890
7021
7884
7935
8007
8241
8258
8483
8562
8774
8786
8807
9234
9643
10118
10607
10615
10906
11210
11331
12118
573
661
748
788
1109
1319
1785
1813
1945
2278
2309
2348
3189
3707
3750
3773
3868
4115
4154
4222
4425
4779
5338
5423
5456
5577
6288
6831
6889
7016
7888
8349
8365
8737
9451
10261
10267
10296
10423
10641
11154
12354
12893
128
289
652
1136
1147
1277
1773
1787
2424
2444
3451
4299
4761
5232
5674
6131
6152
6334
6591
7039
8383
8964
9631
9928
9929
10015
10316
10593
10888
10999
11145
11230
12565
12579
29
217
229
303
323
367
581
594
702
1168
1296
1728
2276
2361
2641
2883
3031
3101
3936
3964
4129
4293
4418
4587
5095
5119
5213
6196
6486
6563
7344
8192
8708
8811
8864
9109
9305
9309
9478
9540
9659
9763
9990
10092
10337
10498
10520
10680
10700
10791
10852
10933
10942
10968
10990
11105
11300
12077
12934
1039
1050
1120
1143
1529
1557
1563
1623
1758
1909
2365
2926
2956
3417
3478
3742
3941
4204
4627
4641
5191
5433
5828
6302
6323
6339
6403
6440
7647
7905
8019
8324
8380
8382
8875
8881
9311
10237
10448
10897
11220
11915
12151
12522
253
636
779
1043
2241
2632
2702
2768
2945
2955
3323
3961
4155
4452
4714
4989
5160
5206
5219
5326
5488
5530
5753
5864
5991
6099
6226
6240
6740
6885
7055
7234
7250
7288
7980
8688
8818
8917
8920
8930
9245
9664
10277
10361
10432
10439
10597
10663
11611
12033
172
435
558
607
1005
1009
1483
1559
2574
2911
2977
3114
3427
3737
4064
4298
4579
4603
5072
5081
5162
5403
5707
5813
6027
6088
6119
6406
6417
7752
8023
8435
8463
8465
8474
8598
8705
8742
8874
9132
9159
9415
9642
9936
10558
10647
10659
10872
10947
11131
11340
11786
11843
99
425
563
601
694
817
974
1240
1253
1334
1388
1499
1628
2151
2367
2452
2568
2653
2725
3069
3259
3782
3818
3843
3959
4341
4594
4608
5271
5336
5407
5426
5586
5604
5965
5993
6190
6230
6241
6354
6444
6776
7378
7720
7982
8199
8357
8624
9533
9744
9981
10219
10222
10249
10262
10437
10496
10575
10887
10893
11097
11929
12362
2
183
485
554
663
839
1365
1548
1604
1630
1633
1832
2272
2310
2449
2627
2631
3004
3305
3435
3889
4143
4314
4582
4751
4945
5068
5397
5510
5801
6071
6102
7112
7129
7239
7273
8197
8625
8685
8758
8991
9634
9827
9942
10093
10231
10538
10691
10712
10720
10729
10774
11152
11164
11244
11618
11700
12057
12292
12941
13418
156
675
771
1004
1092
1607
1638
1757
1823
1921
2390
2426
2604
2762
3054
3056
4210
4275
4654
4797
5040
5073
5122
5181
5230
5395
5673
5780
5808
6283
6379
6743
7661
8172
8216
8233
8274
8423
8577
8860
8889
8900
9291
9602
9609
10047
10283
11009
11050
11196
11424
11490
12469
32
214
227
699
827
1021
1063
1208
1263
1398
1600
2182
2456
2687
2892
3087
3383
3420
3649
4006
4145
4706
5038
5143
5289
5293
5294
5459
5595
5624
5655
5672
6123
6272
6750
6843
6859
7243
7858
8524
8551
8726
8763
9032
9288
9323
9429
10276
10334
10484
10488
10743
10822
10890
11256
11289
11346
12278
13520
90
147
161
222
233
243
351
459
461
622
642
783
820
1071
1790
2391
3309
3783
3793
4554
4753
5207
5253
5322
5651
5669
5834
5892
6097
6207
6258
6879
7351
7739
7944
7973
8013
8302
8569
9005
9436
9498
9625
9708
9841
10091
10322
10567
11061
11679
11793
11855
11950
12029
12067
12169
66
72
286
620
721
730
781
858
881
1125
1129
1135
1320
1435
1518
1649
1814
1877
1955
1971
1976
2008
2026
2092
2093
2315
2373
2711
2882
2891
2935
2952
3066
3149
3723
3943
4192
4455
5106
5107
5217
5235
5503
5653
5711
5723
5992
6069
6171
6181
6203
6299
6804
7065
7214
7717
7718
7873
8275
8589
8608
8636
8867
8975
9610
10034
10043
10045
10259
10323
10517
10532
10708
10833
10856
10867
10894
11028
11096
11371
11487
11715
12296
12763
17
58
75
280
318
658
784
950
991
1291
1637
1802
1833
1961
1983
2295
2413
2761
2857
3060
3348
3933
4521
4787
4858
5118
5126
5141
5328
5380
5396
5414
5445
5698
5729
5895
6291
6816
6974
7336
7863
7878
7950
8210
8309
8541
8723
8835
8899
9152
9438
9463
9542
9586
9722
9950
10040
10468
10706
10992
11074
11310
11397
12221
12856
12868
12883
12912
368
390
697
717
722
760
782
1290
1311
1444
1613
1778
1799
1862
1910
2209
2317
2510
3245
3255
3771
4163
4514
4553
4740
4790
5349
5502
5516
5728
5883
6018
6062
6301
6424
6428
6449
6477
6963
6981
7023
7040
7119
7224
7656
7672
7694
7701
7995
8071
8156
8231
8259
8401
8504
8724
8775
8890
9333
9444
9450
10208
10248
10297
10301
10507
10850
10998
11040
11089
11116
11321
11916
12348
12662
12711
12879
221
307
608
882
1049
1207
1270
1385
1994
2028
2294
2441
2660
3075
4136
4169
4241
4244
4549
4709
4807
4820
4964
5007
5070
5090
5113
5158
5298
5546
5769
5884
5995
6161
6208
6277
6336
6418
6446
6602
6989
7042
7318
7654
7866
7871
7929
7960
8041
8485
8522
8618
8748
8749
8753
9386
9472
9547
9581
9589
9836
10005
10547
10724
11021
11073
11146
11370
11479
12575
12701
12847
267
295
338
350
472
524
528
606
777
891
1159
1359
1412
1542
1798
1820
2073
2497
2635
2655
2769
2923
2963
3035
3112
3364
3718
3796
4191
4532
5075
5155
5182
5208
5268
5377
5659
6033
6337
6386
6389
6429
6799
6841
6896
6986
7125
7294
7938
8158
8243
8337
8486
8714
8719
8810
9030
9219
9435
9543
9548
9644
9812
10275
10286
10325
10348
10382
10561
10877
10909
11138
11228
11235
11416
11563
12040
12534
12562
357
475
520
561
568
745
1069
1126
1430
1506
1514
1593
2029
2096
2208
2289
2450
2927
3058
3151
3274
3411
3592
3720
4015
4180
4186
4289
4295
4382
5048
5156
5316
5359
5370
5392
5485
5685
5967
6002
6116
6162
6307
6321
6397
6411
6468
6487
6673
6738
7227
8526
8531
8554
8570
8733
8738
8777
8791
8863
9539
9558
9681
9737
9931
9980
10064
10070
10293
10359
10509
10605
10836
10859
11159
11231
11600
11910
12228
12287
12526
12925
12950
13192
13248
13263
235
397
631
845
1006
1187
1664
2616
2658
3050
3099
3115
3121
3329
3860
4273
5179
5640
5649
5955
6239
6329
6352
6353
6522
6584
6756
6772
6827
6993
7106
7231
7267
7341
7659
7682
7732
7741
7864
7996
8063
8234
8627
8696
8727
8780
8854
8885
8939
9233
9613
9819
9924
10002
10035
10198
10602
10633
10669
10936
11415
11427
11663
11907
11934
11976
12110
12213
12597
12907
13250
15
242
402
415
443
630
797
1096
1122
1223
1501
1552
1645
2080
2299
2307
2522
2613
2743
2751
2793
2924
3055
3140
3795
3875
3912
3922
3947
3999
4130
4309
4574
4605
4667
4674
5037
5082
5089
5282
5308
5347
5657
5803
5953
6107
6363
6650
7736
7913
8022
8190
8397
8494
8605
8921
9189
9254
9414
9442
9481
9519
9813
9829
10243
10357
10823
10840
11006
11109
11275
11422
11807
11842
11888
11935
11961
11990
13453
230
369
384
535
572
725
793
823
870
964
1013
1030
1042
1053
1055
1108
1149
1343
1449
1775
1888
1899
2003
2352
2432
2506
2619
2661
2799
2865
2944
2975
3036
3125
3431
3701
3713
3828
4069
4151
4194
4255
4423
4456
4483
4499
4502
4530
5128
5233
5302
5317
5387
5420
5779
5853
5877
6080
6164
6264
6381
6626
7244
7291
7331
7877
8108
8261
8306
8582
8707
8746
8828
8909
8910
9092
9308
9381
9532
9755
9768
10011
10312
10395
10398
10411
10420
10973
10985
11090
11153
11241
11920
12571
57
83
119
201
213
241
290
389
427
480
590
599
824
982
1037
1139
1141
1297
1414
1459
1622
2010
2203
2219
2398
2423
2845
2868
2902
2936
2941
2959
3096
3222
3286
3381
3856
4101
4124
4205
4218
4350
4360
4628
4699
5086
5149
5176
5189
5254
5356
5363
5409
5536
5596
5874
6047
6083
6091
6197
6815
6892
6979
7018
7932
8035
8392
8433
8497
8597
8819
9307
9413
9574
9588
9597
9619
9810
10059
10069
10413
10455
10696
10793
10874
10950
11161
11212
11269
11353
11359
11556
11650
11936
12217
12275
12620
12726
13313
13435
13551
13595
52
192
206
409
450
491
585
789
1007
1056
1488
1502
1619
1742
1849
1977
2022
2262
2326
2504
2980
3052
3123
3196
3582
3602
3685
3892
4067
4203
4281
4380
4658
4746
4877
4984
5055
5365
5443
5501
5570
5628
5751
5871
5920
5947
6194
6206
6400
6414
6495
6628
6844
7002
7118
7246
7713
7862
7865
8067
8148
8265
8372
8613
8697
8795
8856
8918
8996
9218
9470
9473
9493
9510
9622
9712
9715
9735
9781
10271
10387
10454
10522
10535
10557
10646
11366
11615
11643
11984
12235
12253
12359
12589
12815
13420
13521
23
111
140
191
239
446
506
609
677
959
1020
1150
1299
1446
1771
1889
2048
2513
2523
2601
2648
2723
2791
3453
3481
4005
4061
4257
4266
4518
4525
4673
4739
4986
4991
5024
5039
5046
5057
5061
5083
5161
5190
5290
5329
5346
5358
5375
5466
5468
5477
5481
5528
5709
5819
5876
6246
6459
6992
7117
7123
7476
7526
7678
7693
7706
7721
7956
8032
8169
8171
8276
8307
8390
8428
8502
8537
8553
8766
9154
9187
9458
9495
9646
10084
10221
10258
10352
10434
10472
10475
10493
10967
11177
11180
11238
11443
11501
11576
11813
11854
11928
12205
12366
12510
12572
12672
12817
13609
14535
14551
49
68
277
399
458
564
623
795
813
935
937
1233
1391
1568
1830
1872
1947
2284
2393
2422
2474
2480
2667
2860
2928
2999
3334
3755
3858
4142
4178
4297
4424
4470
4485
4671
5067
5080
5092
5145
5231
5280
5444
5552
5555
5597
5602
5603
5621
5701
5783
5815
5875
6074
6175
6372
6778
6995
7147
7212
7305
7719
8771
8954
9135
9178
9262
9316
9439
9494
9527
9595
9618
9805
10054
10167
10201
10294
10306
10431
10462
10487
10619
10948
11036
11052
11060
11085
11193
11363
11407
11451
11582
11608
11641
11841
11994
12073
12121
12147
12198
12224
12495
12795
13185
13458
37
65
82
136
276
348
547
674
831
976
1034
1059
1440
1581
1730
1936
2024
2108
2245
2622
2824
2825
2889
3057
3365
3504
4510
4515
4567
4597
4685
4741
4784
4794
4805
4957
5260
5315
5424
5541
5630
5721
5755
5759
5786
5820
5945
5946
5952
6167
6394
6415
6450
6593
6648
7048
7063
7297
7816
7963
7986
7988
8330
8534
8747
8751
8830
8894
8968
8985
9036
9131
9224
9454
9632
9752
9809
9925
9982
10295
10315
10391
10623
10733
10904
10914
10986
10995
11094
11126
11194
11296
11449
11499
11825
11995
12053
12091
12140
12233
12573
12584
13422
13845
146
270
281
359
507
617
680
708
790
816
943
969
1003
1176
1216
1428
1500
1800
2030
2085
2189
2451
2460
2533
2563
2686
2699
2750
2913
2920
3415
3808
3819
4050
4190
4372
4544
4759
4990
5042
5130
5174
5196
5227
5306
5400
5412
5465
5514
5572
5574
5656
5702
5752
5774
5933
6110
6184
6748
6864
6951
7027
7053
7242
7263
7931
7934
7949
8327
8335
8536
8568
8621
8787
8994
9225
9301
9474
9502
10049
10055
10193
10280
10321
10375
10376
10592
10660
10792
10794
10870
10993
11080
11233
11351
11361
11524
11685
11707
11818
11873
11953
12107
12346
12805
12854
12874
12973
13347
166
219
223
314
376
449
522
592
767
977
1041
1088
1259
1308
1375
1400
1743
1868
1887
1897
2057
2421
2839
2895
2922
3333
3700
3801
3925
3970
4109
4181
4228
4310
4512
4632
4701
5035
5079
5165
5472
5525
5782
5822
5966
6205
6345
6448
6990
7043
7051
7471
7677
7870
8053
8356
8394
8495
8797
9026
9122
9125
9160
9287
9471
9662
9694
9723
9779
10056
10389
10427
10537
10719
10854
10876
10952
10953
11115
11160
11290
11619
11657
11908
11960
11962
12457
12574
12792
12857
13496
13790
101
137
212
231
244
311
440
651
798
962
979
1218
1273
1434
1498
1513
1524
2065
2196
2293
2318
2323
2385
2495
2597
2677
2691
2796
2888
2907
2930
2947
3724
4102
4121
4126
4224
4229
4467
4648
4711
4721
4745
4815
4987
5084
5163
5209
5399
5416
5452
5492
5605
5608
5663
5699
5802
5921
5956
6303
6347
6458
6476
6732
6802
6966
7402
7528
7642
8300
8303
8316
8317
8471
8590
8690
8743
8764
8792
9157
9441
9587
9676
9680
9806
9927
10082
10087
10110
10250
10255
10343
10392
10486
10664
10688
10710
10802
10843
11243
11398
11475
11527
11538
11709
11798
11847
11956
12108
12126
12161
12496
13665
13976
11
39
165
174
325
356
394
400
908
942
1058
1227
1282
1313
1352
1592
1656
1738
1835
2056
2221
2353
2841
2896
3061
3153
3862
3949
4100
4188
4401
4475
4523
4531
4583
4586
4622
4653
4983
4997
5036
5246
5300
5382
5405
5580
5654
5666
5781
5817
5858
5869
6067
6075
6109
6113
6189
6216
6223
6498
6527
6884
6897
7004
7278
7698
8152
8189
8213
8281
8398
8538
8895
8988
9111
9231
9260
9302
9528
9566
9585
9685
9707
9720
9729
9732
9733
9825
9930
9951
10080
10338
10449
10450
10471
10591
10766
10778
10786
10863
10885
10892
10951
11063
11066
11139
11308
11494
11500
11552
11557
11565
11816
11817
11998
12291
12484
12538
13188
13500
13571
13575
13773
13916
13954
45
81
131
326
418
643
780
804
886
955
992
1057
1131
1160
1268
1383
1415
1474
1644
1943
1969
2000
2002
2058
2135
2296
2302
2473
2516
2598
2685
2808
2864
2897
2981
2992
2996
4173
4183
4347
4419
4589
4747
4809
4827
4831
4993
5051
5101
5215
5245
5249
5305
5314
5378
5388
5430
5470
5638
5792
5814
5975
6306
6320
6383
6633
6819
6905
6988
7008
7128
7223
7302
7338
7358
7368
7372
7734
8226
8238
8239
8312
8566
8629
8846
8955
9232
9312
9411
9452
9453
9465
9479
9506
9568
9679
9711
9714
9761
9822
10006
10030
10095
10178
10408
10412
10443
10504
10521
10584
10650
10687
10855
10959
10975
11030
11219
11418
11872
11880
11890
12299
12606
13753
5
43
59
69
125
246
340
493
567
668
703
803
806
901
1014
1082
1119
1350
1901
1907
1974
2053
2141
2150
2224
2429
2524
2707
2772
2846
2854
2873
2938
2949
3051
3085
3117
3152
3171
3211
3379
3464
3568
3944
3985
4000
4442
4488
4550
4697
4728
4795
4812
5033
5214
5312
5342
5381
5391
5398
5464
5515
5527
5566
5626
5639
5767
5798
5825
5899
5994
6357
6362
6419
6457
6464
6479
6735
6762
6771
6773
6834
6873
7032
7352
7799
7983
8170
8188
8251
8295
8297
8348
8484
8498
8770
8911
9010
9097
9360
9466
9516
9573
9751
9777
9879
9991
9993
9998
10079
10265
10396
10481
10490
10525
10668
10676
10848
10949
11072
11088
11099
11147
11523
11651
11850
11939
12013
12041
12139
12352
13395
13492
13700
13747
13926
13957
126
178
316
336
546
571
686
709
738
1077
1103
1124
1132
1146
1186
1234
1238
1362
1598
1650
1701
1905
2128
2356
2425
2771
3016
3029
3043
3048
3132
3240
3315
3445
3820
3853
4105
4227
4267
4352
4652
4683
4772
5096
5124
5166
5237
5274
5276
5288
5352
5440
5449
5504
5558
5591
5620
5633
5642
5670
5681
5722
5738
5939
5974
5998
6035
6200
6432
6649
6729
6764
7130
7269
7714
8101
8183
8294
8296
8359
8548
8626
8706
9006
9041
9082
9190
9378
9433
9468
9491
9628
9660
9835
9851
9987
10077
10165
10175
10203
10211
10422
10470
10574
10577
10585
10604
10671
10735
10757
10845
10901
10911
10994
10996
11124
11218
11313
11343
11526
11829
12063
12081
12700
12750
13279
13337
13523
13834
14241
26
51
141
152
173
236
261
434
604
625
712
776
934
1031
1033
1123
1133
1220
1310
1390
1395
1468
1490
1866
2240
2321
2520
2675
2855
2929
3040
3090
3595
3606
3743
3859
3906
4076
4125
4171
4198
4434
4725
4768
4998
5044
5194
5341
5357
5386
5473
5533
5542
5547
5581
5644
5762
5765
5777
5791
5841
5848
5885
5888
5901
5987
6024
6100
6132
6269
6331
6493
6690
6706
6715
6800
6870
6904
6967
7052
7073
7116
7122
7126
7709
7897
7915
8025
8031
8200
8482
8490
8552
8611
8634
8678
8859
8891
9091
9253
9264
9388
9440
9517
9550
9553
9576
9604
9713
9746
9818
9932
9989
10220
10303
10329
10556
10624
10732
10752
10841
10844
10962
10987
11007
11031
11110
11166
11276
11279
11360
11425
11485
11590
11687
