10533
10638
10689
10881
10887
10919
11017
11682
11771
11947
11969
12648
12732
13221
13478
13680
13886
14558
14606
15144
15421
15668
16022
16435
16461
16495
17302
17674
18564
19223
19289
19882
19920
20000
20482
21323
22158
22515
23989
24829
25005
28395
28753
30646
176
287
392
470
767
883
895
971
1198
1270
1584
1613
1789
1847
1941
2012
2062
2202
2554
2637
2715
2863
3279
3506
3538
4041
4103
4142
4236
4569
4614
4650
4712
4739
4801
5081
5088
5093
5182
5196
5270
5526
5617
5645
5678
5755
5813
5824
5852
6021
6065
6104
6389
6452
6458
6558
6814
6840
7011
7022
7071
7072
7119
7320
7416
7946
8121
8135
8364
8493
8512
8565
8612
8689
8989
9150
9257
9264
9401
9618
9791
9812
10018
10164
10966
11495
11707
11861
12059
12145
12778
12781
12970
13080
13654
13842
14399
14628
15121
15482
16482
16573
17103
17289
17774
17780
18039
18421
20070
20172
20328
20331
21754
22070
22292
22372
23389
24119
25027
25230
25886
26535
28983
29914
80
302
397
402
434
513
1217
1251
1263
1405
1416
1421
1455
1486
1508
1528
1840
1878
2078
2209
2336
2387
2442
2591
2597
2699
2906
2913
2917
3059
3511
3693
3750
3808
3894
4124
4189
4200
4218
4233
4328
4333
4358
4414
4430
4503
4565
4613
4644
4649
4771
4842
4908
4946
4961
5015
5155
5156
5184
5281
5293
5396
6001
6024
6248
6362
6454
6490
6779
6898
6935
6973
6997
7112
7210
7291
7402
7435
7453
8015
8071
8102
8317
8444
8579
8754
8784
8960
9213
9292
9327
9364
9440
9485
9497
9880
9882
9904
9936
9952
10149
10191
10632
11497
11583
12008
12092
12120
12352
12572
12582
13249
13434
13473
13520
13660
13714
15010
15028
15031
15468
15762
16121
16204
16263
16345
16363
16418
17317
17386
17757
18329
18844
20221
20997
21445
23834
24805
25328
25373
25640
25644
27162
292
393
441
617
637
796
1539
1721
1813
1857
2059
2116
2151
2270
2361
2444
2474
2754
2802
2842
2892
2905
2973
2986
3145
3208
3269
3271
3300
3924
3994
4062
4073
4171
4210
4240
4299
4346
4361
4564
4806
4982
5180
5195
5248
5254
5404
5598
5656
5684
5832
5888
5950
6158
6391
6432
6438
6531
6801
6813
6827
6853
7259
7318
7592
7922
7940
7985
8042
8230
8392
8507
9356
9494
9534
9546
9575
9578
9616
9717
9943
10101
10119
10122
10548
10636
10953
10986
11520
11729
11746
11761
11970
12158
12193
12231
12261
12366
12380
12435
12817
12880
12954
13127
13174
13436
15294
15684
15817
15844
15976
15994
16207
16758
16832
17136
17154
17881
18514
20247
20837
21207
21339
22053
22129
22578
22757
22798
23250
24586
25501
27128
28476
29433
273
396
499
880
903
986
1077
1092
1155
1464
1472
1524
1607
1621
1623
1630
1644
1656
1751
1756
1893
1963
2025
2370
2514
2523
2553
2557
2689
2872
3282
3679
3698
3727
3865
3984
4148
4282
4460
4489
4507
4620
4700
4722
4789
4810
4921
5058
5129
5330
5356
5368
5409
5413
5493
5536
5540
5688
5735
5794
5802
5882
5902
5910
6044
6408
6446
6864
6993
7130
7250
7449
7490
7774
7841
7851
8063
8476
8509
8749
8881
9016
9113
9122
9153
9181
9259
9501
9611
10038
10079
10257
10267
10500
10731
11311
11726
11800
11830
11835
12004
12506
12851
12867
13067
13366
13367
13743
13943
13951
13968
14261
14313
15050
15384
15599
15687
15770
15871
16411
16619
16696
16738
16844
16989
17060
17184
17281
17282
18304
18900
18940
19056
19067
19076
19968
20220
20230
20612
21490
22870
23358
23678
23702
23864
24888
25652
25901
27236
27451
28355
400
401
651
663
739
800
864
905
942
958
1085
1095
1268
1282
1534
1877
1959
2002
2130
2142
2219
2338
2464
2584
2662
2780
2800
2895
2942
2962
3016
3227
3255
3296
3311
3407
3444
3743
3861
3920
3946
3965
4291
4301
4321
4359
4468
4496
4523
4535
4550
4645
4737
4832
4861
4967
4971
5013
5030
5038
5154
5202
5207
5290
5327
5628
5721
5728
5951
5994
6047
6127
6149
6190
6236
6321
6343
6449
6450
6652
6708
6746
6887
6983
7053
7063
7204
7267
7294
7308
7331
7344
7419
7426
7427
7491
7556
7579
7633
7717
7803
8000
8095
8159
8185
8435
8450
8500
8607
8611
8824
8898
8916
8929
8993
9227
9604
9617
10189
10400
10435
10657
10709
10962
11005
11238
11614
11710
11906
12040
12187
12324
12384
12671
12811
12859
12894
13154
13209
13235
13383
13406
13514
13716
14372
15147
15645
15705
16078
16101
16261
16558
16621
16648
16677
17232
17294
17909
18320
18623
18848
18890
18897
18948
18993
19097
19102
19582
20180
20826
21126
21440
22065
22341
22365
22664
23000
23092
23307
23314
23357
23597
23874
23967
24349
24608
26401
27079
28603
272
308
368
439
894
909
1012
1063
1215
1264
1299
1388
1499
1556
1771
1799
1824
1973
1993
2000
2235
2240
2382
2396
2426
2516
2677
2763
2954
2980
3011
3342
3350
3459
3539
3543
3776
3789
3961
4057
4059
4337
4340
4353
4366
4388
4445
4490
4504
4669
4746
4883
4904
4938
4980
5014
5048
5111
5139
5192
5264
5334
5758
5761
5797
5969
6059
6717
6824
6890
6914
7005
7156
7176
7191
7239
7387
7430
7431
7941
8062
8086
8169
8184
8188
8191
8438
8503
8585
8625
8693
8762
8859
8957
9095
9157
9263
9349
9367
9443
9460
9528
9630
9680
9784
9861
10042
10068
10077
10306
10364
10415
10454
10598
11240
11371
11416
11510
11787
11833
11882
12182
12206
12229
12638
12643
12727
12767
12803
12943
13401
13561
13588
13706
13736
13820
13881
13932
14015
14349
14445
14713
14753
15122
15376
15378
15629
15973
16107
16174
16281
16623
16831
17082
17727
18455
18878
19492
19615
19897
20206
20853
21726
21939
22359
22632
22650
22881
23558
23572
23582
23974
23978
23980
24027
24515
24863
25253
25361
25758
26214
26744
27017
27971
28045
85
282
571
607
691
954
982
1172
1248
1328
1446
1454
1485
1733
1990
2007
2069
2227
2260
2356
2500
2646
2668
2865
2879
2931
3099
3124
3136
3156
3278
3281
3331
3380
3382
3390
3412
3427
3476
3707
3724
3751
3756
3766
3795
3817
3880
3882
3993
4086
4259
4360
4427
4482
4520
4570
4627
4629
4697
4717
4950
4959
5024
5029
5055
5102
5151
5362
5454
5742
5766
5947
5971
6240
6297
6365
6455
6482
6707
6714
6788
6856
6907
7061
7065
7136
7180
7265
7520
7541
7586
7591
7657
7933
7948
8073
8163
8314
8499
8605
8622
8655
8778
8889
8913
8933
8956
9358
9359
9619
9656
10000
10007
10163
10221
10262
10401
10412
10558
10610
10654
10660
10706
10828
10876
10917
10924
10973
10989
11147
11403
11593
11727
11801
11858
11915
11961
12010
12029
12074
12119
12227
12268
12369
12371
12408
12628
12672
12736
12787
13076
13199
13259
13438
14255
14387
14744
14972
15063
15238
15391
15756
16002
16083
16085
16333
16343
16358
16821
17061
17117
17194
17216
17263
17749
17750
17987
18057
18297
18427
18469
18559
18815
19051
20018
20237
20785
20953
21139
21417
21687
22405
22785
22875
23106
23249
23800
24019
24142
24505
24548
25412
25889
26101
26459
26837
26947
496
589
818
823
834
945
975
1053
1082
1145
1249
1393
1409
1410
1570
1846
1950
2023
2168
2210
2286
2495
2607
2717
2774
2777
2792
2832
2958
3002
3089
3094
3267
3332
3341
3351
3369
3394
3422
3438
3654
3684
3691
3729
3745
3785
3803
3955
4107
4138
4156
4300
4411
4623
4855
4856
4911
4978
5326
5347
5384
5481
5582
5626
5635
5691
5692
5763
5858
6002
6200
6306
6413
6472
6473
6729
6786
6787
6796
6841
6889
6917
6922
6930
6942
6956
7006
7106
7257
7333
7404
7408
7468
7544
7632
7802
7834
7840
7844
7902
7964
7982
8091
8104
8152
8284
8320
8362
8376
8389
8513
8528
8697
8700
8727
8891
9051
9389
9529
9677
9735
9849
9859
9887
9891
10110
10128
10265
10492
10530
10549
10589
10864
10871
10943
10984
11024
11188
11409
11411
11550
11601
11621
11753
11795
11855
12048
12134
12166
12621
12703
13077
13198
13451
13673
13717
13741
13764
14039
14178
14253
14299
14405
14522
14554
14591
14739
15024
15424
16097
16166
16201
16284
16309
16459
16628
16634
16876
17012
17090
17126
17811
18471
18862
18895
18976
19432
19674
19691
19813
19870
20007
20171
20277
20326
21320
21646
21878
21899
22037
22407
22507
22760
23718
23732
24069
24264
24287
24864
24931
24932
25019
25113
25305
25632
26218
26814
27156
29115
30921
149
284
343
813
935
952
965
1004
1032
1333
1429
1433
1572
1611
1614
1659
1690
1691
1806
1842
1894
1904
1992
2085
2095
2106
2120
2167
2174
2232
2320
2394
2472
2833
2837
2851
2870
2927
3033
3068
3122
3251
3254
3284
3377
3389
3457
3734
3754
3780
3866
3891
3926
3953
4006
4032
4052
4077
4120
4153
4180
4198
4212
4354
4375
4394
4500
4601
4723
4777
4951
4964
4968
5176
5203
5212
5310
5458
5518
5557
5624
5702
5726
5790
5983
6090
6094
6122
6245
6358
6412
6475
6478
6480
6506
6614
6745
6773
6825
6848
6862
6998
7082
7187
7247
7266
7371
7486
7538
7584
7696
7836
7891
7904
7917
7994
7999
8003
8162
8324
8346
8369
8421
8451
8452
8498
8586
8649
8848
8867
8895
8959
9035
9102
9232
9317
9385
9390
9457
9498
9541
9623
9715
9775
9808
9931
9932
9945
10217
10363
10372
10430
10436
10672
10712
10726
10830
10896
10959
11107
11609
11646
11732
11786
11974
11999
12031
12066
12067
12069
12105
12117
12126
12160
12390
12526
12559
12967
13010
13482
13515
13632
13768
13917
13940
13975
13986
14006
14060
14195
14244
14259
14304
14540
14559
14657
14729
14855
14863
15034
15316
15337
15414
15672
15794
16007
16010
16069
16257
16445
16880
17125
17146
17219
17225
17374
17437
17698
17723
17836
17911
17999
18047
18548
18906
18957
18967
19060
19817
20027
20040
20217
20338
20528
20799
21416
21689
21789
22562
22680
23475
23699
23813
23995
24254
25623
25682
25900
28310
28354
28587
29660
30640
44
125
187
188
659
746
860
947
950
1147
1417
1517
1601
1682
1729
1757
1787
1855
1865
1896
1923
1991
2017
2092
2103
2123
2139
2153
2189
2264
2362
2437
2618
2654
2660
2767
2824
2887
3041
3053
3333
3372
3395
3405
3541
3667
3768
3779
3799
3800
3969
4001
4087
4194
4219
4356
4410
4454
4461
4493
4513
4516
4583
4625
4655
4755
4797
4804
4875
4940
5103
5183
5205
5208
5220
5303
5366
5412
5570
5710
5779
5911
5965
6048
6217
6415
6416
6459
6518
6641
6790
6794
6828
6879
6891
6940
6955
7041
7194
7323
7442
7563
7690
7727
7920
7970
8204
8209
8220
8288
8294
8311
8408
8433
8443
8478
8624
8739
8743
8768
8779
9003
9057
9151
9315
9393
9406
9462
9471
9565
9583
9641
9758
9827
9881
9922
9942
10173
10180
10249
10424
10528
10542
10613
10724
10862
10901
11026
11300
11307
11325
11365
11489
11608
11701
11887
12129
12157
12161
12180
12239
12265
12292
12365
12633
12676
12704
12790
12955
12960
13026
13053
13376
13431
13559
13596
13669
13831
14022
14029
14049
14291
14336
14373
14517
14519
14624
15048
15153
15372
15422
15429
15441
15597
15761
15801
16347
16434
16542
16553
16610
16697
16904
16931
16942
16965
17008
17066
17239
17245
17261
17563
17650
17824
17895
18384
18504
18524
18608
18631
18633
18644
18959
19366
19610
19998
20234
20238
21045
21155
21241
21302
21613
21892
22113
22145
22325
22467
22509
22641
23705
23958
24174
25179
25287
25487
26119
26530
26672
27161
27208
27448
27629
28759
28764
29080
29494
31
93
346
407
528
541
548
580
763
882
932
995
999
1042
1086
1241
1527
1578
1643
1651
1676
1735
2049
2083
2298
2327
2430
2440
2615
2719
2748
2795
2919
2923
2933
2945
3049
3066
3091
3299
3318
3326
3368
3420
3425
3426
3443
3452
3558
3614
3687
3935
4095
4145
4285
4295
4390
4446
4491
4506
4542
4679
4749
4774
4775
4869
4900
4948
4965
5002
5059
5294
5335
5352
5354
5357
5367
5421
5438
5460
5478
5594
5615
5651
5689
5724
5800
5838
5860
5956
6013
6036
6154
6186
6222
6225
6242
6401
6410
6434
6486
6547
6721
6723
6755
6768
6803
6849
6854
6915
7052
7240
7284
7317
7488
7515
7527
7674
7698
7837
7905
7959
7972
8004
8006
8170
8201
8202
8203
8232
8285
8434
8533
8702
8756
8759
8763
8840
8893
9039
9055
9176
9182
9201
9229
9362
9363
9422
9510
9543
9642
9649
9654
9721
9851
9856
9877
9919
10060
10132
10143
10148
10256
10431
10446
10516
10552
10600
10602
10606
10673
10873
11092
11282
11298
11335
11647
11777
12094
12098
12130
12147
12246
12491
12504
12510
12574
12720
12913
12987
13085
13149
13351
13580
13809
14023
14229
14247
14324
14848
14870
14899
15026
15036
15038
15264
15321
15351
15377
15379
15382
15417
15646
15650
16025
16268
16353
16354
16380
16408
16779
16941
16981
17105
17185
17226
17327
17385
17503
17687
17737
17930
18150
18492
18499
19164
19293
19312
19373
19437
19539
19667
20424
20679
20722
20739
20840
20934
20972
21105
21351
21797
22026
22128
22246
22387
22422
22625
23073
23309
23378
23654
23684
23709
23768
23861
24386
24560
24591
24613
24672
24827
24895
24930
25625
25899
26089
26168
26202
26353
26377
26453
26466
26546
26691
26755
26760
28149
29050
30084
141
142
207
313
585
738
748
765
769
771
835
938
963
1072
1260
1279
1332
1404
1439
1450
1477
1622
1628
1714
1764
1778
1838
2014
2045
2056
2166
2170
2176
2184
2253
2309
2375
2406
2412
2418
2509
2515
2542
2594
2599
2632
2671
2716
2745
2789
2790
2817
2876
2937
2948
2955
3018
3286
3322
3344
3346
3347
3376
3424
3432
3561
3655
3738
3773
3807
3959
4088
4125
4164
4179
4281
4284
4293
4311
4312
4325
4363
4419
4422
4641
5054
5079
5080
5157
5267
5275
5313
5358
5474
5604
5643
5655
5697
5745
5806
5812
5960
5987
5993
6007
6170
6272
6286
6295
6383
6393
6436
6500
6553
6565
6606
6719
6720
6776
6777
6778
6836
6876
6894
6901
6938
7049
7092
7098
7125
7131
7198
7256
7434
7558
7599
7625
7721
7747
7753
7925
7945
7958
7973
8070
8088
8205
8237
8316
8322
8357
8418
8419
8437
8491
8508
8575
8614
8715
8720
8726
8750
8786
8801
8808
8812
8827
8852
8873
8915
9195
9255
9266
9353
9361
9396
9495
9536
9636
9709
9789
9884
9908
9921
9955
9985
10052
10064
10130
10343
10405
10419
10433
10464
10494
10511
10527
10538
10545
10674
10713
10716
10719
10739
10740
10787
10863
10879
10889
10908
10913
10993
11116
11175
11252
11272
11274
11346
11474
11579
11685
11723
11762
11820
12174
12223
12244
12275
12313
12339
12383
12385
12419
12659
12739
12770
12806
12868
13006
13033
13074
13116
13159
13173
13197
13228
13483
13789
13890
13920
13998
14156
14182
14197
14233
14294
14392
14393
14431
14536
14663
14864
14919
14923
14976
15025
15201
15253
15279
15320
15348
15374
15434
15474
15613
15810
16364
16396
16491
16526
16745
16748
16757
16801
16930
16998
17057
17260
17290
17329
17373
17486
17679
17711
17731
17813
18015
18168
18407
18417
18593
18697
18706
18852
18875
18923
19027
19098
19306
19454
19472
19596
19654
19657
19734
19779
19866
20305
20437
20637
20769
20835
20847
21384
21505
22100
22403
22443
22609
22874
23050
23221
23254
23301
23865
23965
23966
24959
25079
25081
25223
25500
25627
25747
25760
26030
26138
26179
26215
26429
26432
26495
26847
26941
26974
27378
27665
27862
28495
75
83
143
233
241
267
280
300
415
440
453
539
552
598
674
704
711
719
747
819
853
961
972
988
1007
1061
1069
1140
1222
1224
1512
1647
1718
1736
1755
1784
2039
2066
2149
2161
2206
2249
2254
2281
2350
2543
2582
2702
2732
2751
2755
2788
2794
2828
2862
2946
2970
3044
3050
3102
3121
3153
3321
3336
3419
3480
3515
3535
3728
3775
3853
3879
3887
3889
3890
3933
3958
3967
3977
3986
4134
4248
4306
4357
4384
4444
4474
4648
4652
4765
4808
4939
4981
5070
5091
5123
5152
5198
5221
5381
5414
5418
5485
5522
5556
5613
5725
5737
5772
5781
5783
5848
5889
5895
5904
6068
6223
6291
6336
6380
6382
6400
6405
6620
6697
6711
6859
6883
6904
6925
6932
6936
7152
7235
7242
7249
7293
7311
7346
7363
7375
7403
7530
7613
7693
7708
7934
7974
8035
8052
8079
8231
8333
8354
8473
8486
8619
8621
8684
8736
8971
8991
9017
9033
9044
9074
9144
9458
9507
9556
9587
9643
9658
9707
9725
9770
9780
9920
9974
10157
10209
10242
10554
10681
10691
10695
10711
10865
10868
10928
10971
11100
11130
11316
11354
11539
11629
11643
11745
11748
11888
11926
11941
12050
12101
12318
12336
12355
12446
12451
12519
12677
12810
12946
12947
12971
13317
13332
13442
13462
13507
13511
13638
13676
13969
13971
14032
14035
14180
14243
14334
14350
14435
14507
14576
14652
14746
14828
14886
15016
15168
15215
15358
15489
15592
15620
15641
15690
15715
15839
16096
16143
16169
16182
16465
16582
16646
16744
16882
16893
17048
17223
17273
17453
17484
17536
17566
17626
17673
17804
18018
18049
18099
18318
18603
18720
18750
18780
18854
18877
18883
18887
18889
18894
18983
19170
19227
19297
19343
19486
19600
19653
19747
19890
19899
20412
20477
20636
20730
20744
20909
20975
21137
21525
21582
21629
21788
21825
21890
22220
22248
22756
22765
22953
22957
23017
23223
23326
23400
23404
23528
23615
23704
23706
23727
23743
23887
24167
24243
24286
24374
24383
24865
25031
25032
25059
25076
25150
25887
25907
25943
26068
26102
26442
26790
26804
26827
27009
27189
27332
27692
28902
28986
29091
30038
103
376
381
423
534
537
540
553
840
1016
1047
1055
1114
1115
1283
1285
1287
1293
1331
1360
1418
1437
1516
1564
1600
1692
1693
1770
1786
1871
1918
2008
2058
2071
2087
2101
2128
2147
2152
2234
2349
2364
2428
2450
2478
2590
2620
2627
2673
2681
2822
2836
2902
2983
3012
3023
3098
3216
3239
3247
3257
3262
3274
3310
3327
3359
3370
3381
3387
3410
3562
3680
3681
3794
3823
3825
3864
3884
3897
3898
3997
4056
4101
4113
4147
4216
4305
4397
4465
4512
4517
4540
4677
4802
4871
4902
4903
5098
5249
5287
5388
5430
5451
5464
5581
5722
5749
5756
5764
5810
5830
5844
5924
5938
5945
5959
6012
6131
6142
6156
6193
6204
6224
6285
6298
6426
6519
6549
6568
6587
6603
6642
6671
6739
6758
6763
6797
6835
6994
7017
7055
7094
7184
7292
7307
7324
7367
7441
7451
7461
7474
7492
7506
7507
7534
7631
7636
7687
7710
7782
7852
7874
7957
7968
8041
8060
8080
8099
8225
8295
8298
8342
8344
8359
8541
8553
8560
8592
8604
8663
8668
8785
8820
8823
8849
8870
8932
8965
8966
8973
9053
9082
9086
9206
9260
9268
9321
9336
9357
9402
9441
9526
9574
9577
9674
9722
9813
9923
9933
9967
10048
10074
10095
10159
10460
10556
10574
10582
10587
10635
10647
10699
10704
10729
10794
10935
10965
10990
10998
11022
11047
11096
11247
11350
11478
11483
11559
11561
11595
11798
11899
11932
11940
12034
12077
12124
12184
12233
12242
12270
12347
12495
12644
12864
12870
12910
12990
13021
13128
13206
13232
13330
13377
13378
13574
13620
13633
13639
13713
13745
13792
13855
13888
13963
13972
14013
14047
14157
14266
14352
14421
14436
14514
14527
14615
14779
14849
14852
14914
14946
15035
15152
15380
15430
15466
15579
15637
15717
15751
15773
15804
15945
16017
16018
16208
16214
16221
16246
16406
16486
16490
16625
16627
16630
16639
16815
16838
16905
16986
17041
17062
17131
17465
17507
17579
17708
17795
18066
18175
18228
18312
18331
18410
18465
18599
18601
18756
18758
18824
18856
19032
19053
19079
19253
19264
19420
19506
19540
19630
19656
19713
19722
19737
19755
19785
19818
19946
19953
20001
20047
20284
20286
20341
20548
20567
20747
20825
20842
20887
21330
21357
21439
21472
21508
21511
21555
21557
21694
21913
22051
22245
22272
22294
22295
22302
22343
22511
22546
22611
22761
22762
22878
22892
23048
23229
23255
23302
23305
23352
23589
23688
23779
23985
24002
24147
24170
24249
24281
24283
24397
24509
24789
25075
25077
25088
25115
25297
25302
25420
25475
25598
25628
25645
25671
25720
25725
25825
26117
26126
26448
26470
26924
27002
27013
27714
27721
27726
27959
29442
29542
29715
30448
105
128
160
164
174
236
289
366
367
419
425
532
614
652
656
713
737
753
768
772
810
960
1057
1065
1083
1204
1220
1284
1423
1482
1561
1575
1592
1661
1734
1761
1775
1805
1817
1969
2082
2089
2129
2146
2186
2237
2279
2317
2343
2427
2434
2480
2499
2559
2595
2655
2695
2707
2827
2840
2915
3004
3017
3039
3090
3127
3133
3134
3143
3150
3204
3210
3268
3290
3374
3445
3449
3633
3649
3651
3711
3714
3769
3778
3829
3859
3979
3980
4013
4046
4069
4071
4181
4182
4186
4292
4303
4347
4365
4392
4417
4420
4467
4525
4558
4580
4600
4643
4665
4684
4730
4738
4750
4752
4762
4824
4930
4944
5007
5008
5026
5042
5047
5169
5209
5387
5436
5452
5453
5476
5532
5554
5575
5586
5616
5675
5713
6038
6043
6055
6138
6239
6241
6331
6339
6353
6367
6493
6541
6682
6698
6724
6725
6737
6838
6892
6899
6987
7003
7043
7062
7097
7110
7160
7166
7237
7241
7255
7313
7330
7377
7536
7539
7587
7588
7590
7658
7685
7691
7752
7845
7908
7936
7938
7984
8072
8200
8296
8299
8307
8310
8380
8406
8522
8645
8647
8773
8783
8800
8821
8866
8888
8939
8946
9001
9066
9118
9258
9309
9397
9420
9439
9476
9547
9597
9771
9858
9869
9885
9898
9909
9928
9984
9993
10061
10099
10129
10146
10162
10216
10230
10252
10254
10344
10398
10477
10531
10547
10583
10643
10650
10685
10721
10765
10783
10941
10980
11035
11079
11108
11118
11163
11242
11277
11553
11638
11712
11752
11797
11933
12003
12017
12035
12081
12108
12111
12179
12224
12234
12263
12354
12361
12363
12431
12620
12631
12746
12786
12802
12979
13045
13081
13155
13308
13311
13396
13472
13486
13592
13731
13771
13778
13908
13923
13936
13994
14144
14212
14215
14308
14391
14397
14412
14501
14754
14810
14878
14973
15104
15132
15169
15240
15261
15402
15538
15558
15564
15721
15808
15868
15884
16102
16104
16350
16483
16484
16592
16620
16735
16762
16765
16889
16890
16987
17072
17180
17240
17452
17492
17504
17523
17564
17668
17738
17932
17968
18020
18112
18324
18332
18357
18498
18978
18979
19037
19040
19275
19308
19341
19390
19640
19701
19703
19745
19775
19852
19900
19982
20038
20076
20186
20296
20332
20524
20533
20577
20808
20890
21002
21044
21077
21083
21100
21119
21144
21348
21349
21446
21470
21488
21586
21723
21896
22136
22188
22204
22232
22236
22305
22328
22400
22535
22544
22584
22599
22742
22884
23020
23139
23148
23405
23519
23546
23611
23869
24164
24166
24348
24379
24399
24573
25104
25284
25301
25599
25636
26064
26121
26124
26125
26208
26514
27007
27015
27080
27195
27265
27456
27685
28007
28061
28286
28306
28496
28836
29589
30580
11
12
104
110
130
237
239
380
568
573
591
605
733
750
778
902
994
1000
1081
1132
1159
1164
1234
1240
1311
1323
1339
1376
1420
1456
1493
1615
1632
1674
1697
1830
1837
1853
1953
1975
2020
2038
2070
2150
2248
2276
2335
2360
2380
2484
2508
2541
2570
2610
2629
2650
2669
2709
2756
2759
2765
2806
2823
2835
2875
2891
2898
2935
2947
2957
2974
3051
3061
3095
3146
3228
3238
3256
3298
3305
3307
3371
3379
3413
3431
3451
3509
3572
3678
3710
3720
3774
3777
3791
3839
3934
3990
4096
4167
4184
4207
4238
4262
4265
4267
4271
4382
4492
4527
4605
4656
4703
4754
4761
4768
4782
4836
4901
4918
5005
5034
5050
5060
5101
5120
5222
5257
5261
5269
5280
5282
5400
5408
5411
5416
5434
5463
5496
5498
5508
5521
5546
5583
5592
5730
5829
5850
5855
5900
5955
6057
6150
6293
6318
6324
6386
6425
6430
6462
6575
6601
6631
6644
6668
6702
6764
6780
6798
6910
7047
7059
7069
7093
7121
7157
7171
7258
7264
7290
7458
7509
7526
7528
7546
7557
7576
7595
7606
7694
7718
7738
7777
7796
7830
7843
7911
7960
8046
8057
8064
8094
8101
8142
8180
8186
8218
8223
8265
8304
8358
8382
8401
8414
8416
8424
8456
8460
8562
8627
8629
8635
8653
8672
8766
8804
8828
8882
8945
8955
9075
9155
9196
9209
9275
9278
9280
9296
9301
9421
9455
9521
9561
9596
9659
9662
9665
9720
9796
9870
9872
9925
9929
9939
9954
9973
10124
10140
10152
10154
10207
10247
10251
10296
10426
10440
10447
10455
10474
10502
10544
10563
10568
10585
10642
10670
10686
10714
10789
10790
10808
10820
10823
10824
10874
10893
10902
11021
11084
11172
11190
11248
11254
11267
11271
11306
11327
11372
11374
11427
11428
11485
11514
11552
11580
11587
11591
11728
11738
11783
11796
11837
12044
12250
12312
12364
12375
12460
12488
12586
12663
12754
12776
12831
12854
12992
13069
13103
13227
13248
13303
13368
13468
13500
13800
13810
13817
13874
13941
13965
14151
14245
14323
14328
14376
14381
14407
14553
14584
14646
14795
14797
14939
15030
15033
15136
15276
15330
15349
15611
15661
15670
15703
15719
15727
15786
15905
15931
16183
16186
16210
16293
16331
16369
16525
16709
16730
16773
16775
16980
17051
17120
17182
17192
17224
17258
17268
17364
17379
17449
17526
17788
17868
17886
18028
18062
18180
18273
18287
18325
18359
18377
18581
18588
18671
18831
19274
19295
19396
19423
19429
19524
19613
19658
19771
19871
19950
19999
20057
20152
20176
20189
20210
20252
20429
20430
20555
20617
20832
20891
21075
21223
21356
21359
21750
21853
21894
22020
22140
22171
22342
22536
22539
22648
22763
22896
22914
22989
23109
23151
23188
23340
23438
23536
23550
23561
23708
23715
23736
23754
23790
23913
24107
24213
24229
24376
24425
24578
24657
24803
24825
24972
25082
25086
25145
25148
25329
25346
25529
25608
25622
25794
26015
26098
26157
26367
26537
26553
26692
26948
27010
28259
28377
28449
28557
28808
29026
29219
29260
29316
152
166
177
178
185
224
283
285
306
399
520
577
665
688
692
716
842
933
1035
1068
1113
1226
1232
1297
1313
1424
1458
1521
1540
1597
1608
1617
1625
1650
1712
1815
1833
1872
1912
1917
2113
2187
2214
2293
2306
2307
2367
2401
2405
2462
2467
2537
2575
2658
2665
2697
2724
2729
2846
2903
2981
3015
3096
3130
3135
3138
3182
3237
3324
3367
3373
3375
3383
3386
3466
3468
3510
3537
3540
3552
3559
3708
3772
3801
3841
3914
3917
3936
3966
4047
4094
4111
4131
4136
4137
4172
4322
4391
4432
4514
4596
4675
4695
4720
4721
4780
4830
4837
4879
4882
4898
4913
4927
4966
4987
5003
5023
5039
5045
5051
5052
5072
5090
5096
5130
5175
5193
5312
5321
5350
5394
5420
5450
5547
5596
5621
5642
5714
5884
6028
6039
6160
6202
6229
6231
6287
6351
6411
6496
6501
6563
6577
6596
6611
6689
6712
6713
6730
6750
6754
6772
6784
6880
7010
7013
7019
7036
7054
7081
7085
7104
7124
7178
7192
7214
7243
7326
7336
7396
7425
7519
7553
7604
7635
7642
7736
7771
7790
7866
7890
7978
8075
8087
8139
8175
8214
8255
8302
8338
8552
8634
8662
8695
8714
8733
8781
8799
8810
8856
8862
8927
8950
9036
9058
9138
9183
9185
9191
9204
9305
9352
9365
9424
9483
9484
9538
9551
9582
9584
9592
9624
9667
9669
9693
9694
9703
9718
9745
9799
9845
9889
9915
9941
10031
10109
10117
10123
10134
10224
10237
10259
10414
10428
10445
10484
10490
10525
10581
10633
10639
10663
10677
10684
10759
10835
10981
11012
11036
11245
11286
11315
11424
11437
11484
11493
11509
11623
11631
11640
11651
11660
11711
11716
11779
11789
11807
11848
11866
11875
11901
11905
12009
12039
12052
12053
12072
12089
12107
12109
12123
12139
12202
12236
12279
12283
12328
12346
12348
12388
12403
12415
12464
12479
12501
12508
12522
12536
12607
12625
12664
12678
12728
12775
12794
12860
12887
12893
12905
12945
12981
13079
13089
13118
13152
13220
13236
13271
13282
13288
13433
13488
13530
13607
13683
13691
13697
13735
13788
13790
13819
13836
13876
13922
13926
14004
14041
14070
14181
14198
14213
14251
14295
14348
14389
14466
14473
14476
14481
14538
14547
14557
14564
14588
14787
14836
14865
14868
14882
14890
14910
14966
14982
15029
15075
15137
15148
15263
15306
15312
15493
15609
15636
15648
15732
15826
15912
15944
16004
16020
16051
16061
16187
16211
16223
16324
16328
16471
16511
16531
16543
16572
16764
16778
16916
16932
16994
17006
17085
17162
17204
17220
17238
17249
17266
17285
17322
17390
17428
17469
17554
17567
17796
17820
17879
17933
18029
18041
18102
18136
18155
18266
18335
18344
18376
18389
18396
18461
18555
18560
18584
18609
18823
18901
18902
18904
18975
19001
19075
19078
19198
19247
19462
19527
19532
19576
19622
19676
19742
19756
19793
19797
19951
19981
20005
20060
20151
20164
20181
20349
20371
20401
20497
20534
20598
20684
20751
20816
20868
20943
21009
21046
21069
21240
21242
21292
21441
21458
21521
21664
21716
22003
22039
22047
22091
22159
22202
22217
22241
22313
22318
22345
22413
22465
22564
22700
22747
22781
22789
22904
22962
23016
23071
23178
23215
23220
23261
23401
23511
23640
23723
23734
23738
23745
23794
23828
23867
23921
24304
24437
24533
24566
24653
24654
24796
24911
25085
25205
25591
25637
25639
25699
26351
26511
26726
26902
26997
27167
27299
27492
27533
27577
27599
27682
27865
28066
28087
28094
28280
28374
28418
28563
28608
28644
28717
28803
29537
29541
29821
15
120
123
126
145
161
179
230
246
256
261
297
359
360
391
484
512
612
620
658
669
695
731
955
964
979
1049
1190
1205
1231
1235
1237
1244
1254
1308
1355
1408
1436
1452
1478
1574
1618
1658
1680
1739
1744
1814
1850
1910
2036
2044
2074
2096
2114
2121
2188
2212
2251
2299
2312
2313
2363
2378
2473
2498
2502
2512
2518
2520
2551
2714
2746
2829
2834
2871
2929
2943
2952
2966
2967
3000
3020
3052
3092
3140
3171
3201
3241
3244
3253
3303
3338
3345
3421
3433
3439
3461
3556
3601
3611
3622
3699
3744
3758
3814
3822
3903
3991
4049
4054
4064
4158
4176
4195
4228
4268
4289
4377
4440
4452
4459
4470
4480
4481
4508
4553
4559
4567
4585
4589
4597
4622
4631
4654
4658
4660
4698
4707
4753
4809
4852
4857
4865
4866
4870
4935
4953
4956
4957
4972
4974
4977
4979
4990
4991
5020
5073
5078
5150
5173
5187
5225
5237
5240
5244
5247
5295
5314
5322
5349
5402
5423
5424
5445
5578
5601
5648
5736
5768
5771
5837
5849
5869
5871
5879
5891
5893
5912
5913
5949
5985
6008
6077
6109
6153
6189
6197
6211
6215
6218
6278
6335
6385
6417
6424
6431
6441
6511
6543
6569
6593
6622
6692
6753
6792
6812
6850
6852
6882
6926
6941
6979
6988
7067
7080
7086
7123
7127
7139
7147
7172
7236
7262
7286
7296
7328
7359
7409
7440
7475
7500
7524
7529
7630
7650
7660
7681
7704
7743
7783
7789
7825
7856
7864
7896
7931
7951
7983
7989
8014
8092
8119
8133
8155
8216
8321
8379
8400
8417
8428
8429
8446
8475
8481
8683
8687
8708
8713
8737
8738
8757
8791
8798
8802
8815
8819
8865
8868
8878
8910
8919
8921
8943
8977
9029
9037
9038
9088
9133
9246
9252
9254
9261
9276
9290
9326
9419
9463
9566
9586
9651
9704
9906
9916
9946
9994
9996
10024
10041
10045
10103
10108
10138
10206
10234
10238
10268
10302
10324
10348
10402
10434
10489
10497
10541
10550
10566
10617
10626
10696
10718
10745
10756
10811
10836
10898
10932
10933
10942
10963
10968
10995
11039
11091
11279
11289
11319
11364
11420
11423
11425
11438
11475
11494
11512
11513
11527
11569
11610
11642
11657
11739
11826
11832
11860
11956
11966
11975
12046
12090
12113
12114
12125
12135
12146
12149
12185
12221
12281
12356
12362
12471
12577
12616
12647
12698
12705
12715
12722
12730
12772
12834
12882
12921
12958
12963
12975
12982
13138
13141
13153
13241
13246
13247
13270
13316
13352
13360
13446
13475
13499
13560
13575
13587
13589
13594
13665
13677
13730
13761
13765
13850
13851
13858
13942
13952
13955
14152
14169
14176
14177
14179
14194
14206
14236
14257
14269
14270
14312
14487
14544
14651
14664
14684
14710
14745
14791
14953
14970
15032
15047
15049
15219
15336
15352
15398
15408
15415
15440
15576
15598
15649
15688
15766
15784
15819
15940
16109
16133
16175
16218
16326
16332
16344
16383
16404
16661
16726
16751
16781
16901
16906
16999
17003
17058
17069
17081
17206
17237
17272
17320
17335
17339
17548
17651
17726
17747
17800
17861
17880
17994
18064
18152
18160
18163
18199
18267
18380
18497
18546
18602
18622
18624
18716
18722
18843
18864
18867
18879
18884
19093
19337
19476
19495
19513
19534
19623
19719
19876
19891
19935
19956
19963
19971
19975
20052
20053
20069
20073
20084
20119
20154
20211
20289
20455
20459
20478
20560
20622
20630
20667
20693
20707
20750
20843
20846
20863
20878
20938
20994
21110
21255
21327
21471
21578
21616
21854
21856
21941
21950
22078
22172
22208
22222
22237
22242
22297
22315
22377
22426
22446
22466
22495
22600
22682
22728
22766
22786
22787
22797
22814
22845
22897
22926
23049
23122
23130
23173
23189
23212
23225
23241
23260
23271
23281
23317
23321
23344
23393
23397
23440
23474
23481
23553
23820
23886
23899
23924
24028
24033
24046
24129
24189
24209
24244
24322
24424
24501
24552
24646
24690
24801
24887
25128
25342
25390
25685
25735
25948
26131
26324
26618
26689
26737
26855
26885
27459
27716
27718
27838
27995
28265
28567
28597
28862
28879
29013
29998
91
156
169
182
186
189
206
235
245
276
286
322
338
524
560
619
627
685
698
715
724
754
758
968
990
992
1010
1034
1179
1192
1213
1247
1349
1363
1412
1425
1563
1579
1581
1587
1610
1619
1667
1687
1724
1810
1976
2091
2140
2173
2178
2233
2344
2371
2402
2463
2479
2486
2505
2506
2510
2527
2532
2617
2652
2742
2778
2809
2830
2868
2920
2932
2938
2956
2959
2994
2999
3001
3025
3040
3046
3057
3070
3191
3215
3272
3280
3309
3353
3365
3418
3442
3475
3485
3521
3658
3713
3767
3868
3881
3928
3960
3972
4003
4010
4015
4040
4066
4122
4130
4140
4159
4192
4213
4232
4277
4304
4324
4329
4413
4436
4439
4530
4538
4551
4563
4586
4591
4618
4664
4666
4699
4701
4706
4756
4799
4889
4890
4958
4963
4976
5018
5104
5141
5145
5204
5206
5263
5265
5272
5301
5324
5378
5393
5407
5446
5447
5461
5468
5565
5595
5698
5744
5754
5803
5817
5898
5973
5975
5995
6031
6171
6192
6201
6205
6208
6219
6249
6271
6296
6317
6319
6345
6366
6372
6423
6427
6435
6439
6447
6477
6499
6544
6548
6580
6581
6628
6651
6683
6742
6759
6765
6795
6822
6842
6844
6855
6861
6896
6908
7040
7084
7096
7099
7101
7203
7224
7232
7251
7354
7356
7358
7398
7423
7445
7460
7503
7560
7568
7607
7612
7669
7682
7735
7737
7760
7780
7943
7955
8002
8030
8037
8132
8274
8319
8381
8383
8394
8413
8420
8471
8484
8490
8520
8530
8549
8688
8717
8795
8806
8811
8871
8875
8912
8942
8947
8952
8964
8997
8998
9024
9030
9050
9084
9123
9158
9163
9168
9193
9253
9281
9320
9322
9332
9338
9344
9418
9429
9448
9499
9537
9559
9569
9572
9585
9606
9652
9684
9774
9822
9846
9863
9871
9927
9935
9937
9964
9971
10012
10083
10106
10136
10151
10184
10255
10260
10333
10357
10409
10479
10487
10539
10559
10565
10605
10631
10637
10682
10715
10720
10730
10741
10747
10831
10905
10916
10967
10996
11045
11105
11136
11230
11295
11297
11310
11323
11332
11353
11358
11363
11385
11479
11482
11488
11502
11525
11560
11613
11673
11769
11774
11780
11791
11881
11989
12026
12032
12045
12082
12099
12116
12132
12173
12326
12343
12349
12350
12359
12379
12381
12466
12477
12503
12687
12708
12713
12717
12793
12796
12933
12973
12997
13043
13072
13277
13326
13331
13389
13465
13505
13509
13533
13552
13570
13616
13627
13634
13635
13649
13674
13688
13689
13707
13734
13752
13769
13811
13854
13879
13983
13993
14017
14019
14062
14173
14216
14256
14303
14315
14329
14361
14470
14480
14655
14671
14715
14751
14757
14788
14883
14930
14958
14968
15022
15023
15040
15090
15141
15160
15213
15234
15254
15305
15355
15360
15365
15418
15420
15439
15443
15446
15450
15462
15569
15713
15764
15809
15820
15822
15896
15959
15966
16016
16027
16039
16056
16084
16099
16164
16199
16239
16292
16306
16310
16458
16497
16500
16501
16532
16579
16588
16626
16780
16809
16886
16917
16918
16961
16974
17074
17089
17121
17137
17156
17176
17227
17420
17423
17434
17439
17470
17471
17502
17599
17660
17707
17753
17854
17926
18025
18032
18044
18086
18113
18250
18252
18305
18360
18405
18419
18428
18576
18578
18635
18676
18702
18794
18836
18839
18853
18860
18865
18896
18949
18958
19144
19162
19201
19205
19268
19276
19310
19372
19489
19496
19550
19661
19759
19856
19980
20019
20065
20096
20101
20201
20278
20288
20294
20298
20304
20314
20340
20481
20502
20544
20564
20602
20631
20668
20677
20734
20763
20866
20882
20908
20937
20948
20991
21196
21197
21336
21350
21367
21479
21491
21520
21547
21562
21612
21653
21864
21869
21976
22080
22093
22257
22258
22259
22275
22289
22316
22462
22657
22687
22719
22791
22844
23029
23179
23199
23329
23331
23349
23376
23439
23549
23594
23612
23650
23711
23788
23912
23970
24009
24095
24106
24114
24116
24130
24165
24263
24346
24421
24516
24534
24616
24809
24812
24816
24818
24819
24879
24934
25053
25146
25162
25222
25237
25265
25386
25387
25595
25634
25698
25786
25935
25939
25971
25992
26014
26077
26149
26181
26299
26332
26346
26382
26498
26534
26674
26815
26831
26892
27082
27131
27266
27289
27446
27541
27828
27953
28251
28254
28411
28435
28564
28696
28715
29549
29934
29950
30004
48
89
115
150
154
171
175
232
363
408
472
533
610
613
677
701
705
712
751
775
790
792
793
855
872
885
983
1093
1122
1166
1193
1228
1243
1255
1288
1291
1325
1327
1330
1341
1422
1427
1441
1442
1459
1481
1498
1526
1609
1631
1672
1709
1731
1748
1754
1773
1782
1796
1802
1812
1895
1932
1954
2047
2102
2160
2193
2221
2245
2265
2277
2303
2304
2354
2439
2511
2586
2625
2638
2653
2670
2725
2733
2816
2839
2873
2907
2944
2949
2969
2992
3063
3072
3123
3161
3190
3202
3245
3252
3364
3455
3462
3470
3473
3477
3491
3547
3630
3642
3665
3686
3694
3763
3782
3787
3810
3874
3950
4005
4023
4042
4114
4115
4135
4139
4155
4185
4202
4274
4355
4370
4398
4404
4407
4421
4469
4471
4484
4495
4518
4528
4554
4556
4572
4573
4578
4610
4621
4632
4767
4796
4840
4860
4867
4899
4914
4924
4936
4973
5021
5028
5063
5065
5099
5117
5148
5167
5233
5234
5238
5241
5271
5284
5306
5323
5338
5345
5371
5397
5503
5510
5533
5550
5603
5729
5774
5890
5903
5966
6106
6161
6175
6177
6230
6238
6250
6315
6329
6355
6407
6414
6453
6463
6509
6510
6522
6584
6625
6632
6669
6675
6676
6681
6684
6700
6728
6744
6747
6756
6762
6837
6866
6888
6913
6919
6927
6953
6976
6977
6986
7064
7105
7133
7134
7155
7182
7190
7202
7208
7271
7273
7282
7335
7340
7381
7450
7479
7481
7497
7517
7550
7597
7618
7648
7663
7689
7709
7719
7765
7772
7784
7795
7799
7828
7835
7847
7859
7900
7928
7947
7954
7990
8039
8044
8065
8069
8129
8172
8206
8217
8250
8259
8278
8283
8289
8318
8339
8345
8411
8425
8445
8524
8581
8587
8590
8623
8639
8657
8678
8692
8741
8769
8842
8861
8863
8903
8928
8931
8951
8976
9019
9027
9054
9056
9130
9172
9221
9235
9247
9274
9306
9312
9366
9384
9437
9447
9459
9520
9567
9570
9581
9588
9610
9691
9692
9699
9743
9754
9755
9761
9785
9787
9816
9817
9833
9838
9843
9902
9903
9934
9990
10008
10090
10150
10153
10192
10226
10229
10245
10264
10275
10367
10373
10374
10499
10505
10512
10521
10560
10604
10609
10618
10649
10666
10675
10688
10725
10746
10751
10832
10856
10909
10911
10914
10939
10945
11016
11030
11041
11080
11126
11132
11135
11145
11150
11183
11226
11249
11275
11312
11379
11407
11434
11481
11511
11545
11558
11607
11635
11659
11680
11688
11693
11725
11767
11775
11811
11816
11823
11870
11879
11908
11935
11957
11968
12007
12019
12037
12047
12057
12058
12079
12150
12189
12190
12199
12209
12220
12248
12256
12278
12287
12301
12308
12345
12353
12357
12398
12421
12426
12450
12453
12459
12502
12512
12537
12606
12613
12624
12635
12639
12657
12695
12707
12711
12791
12845
12862
12865
12872
12904
12908
12916
12953
12957
12977
13001
13036
13042
13082
13095
13160
13267
13314
13328
13333
13404
13412
13479
13481
13485
13498
13535
13542
13606
13613
13659
13702
13738
13797
13803
13859
13895
13899
13950
14021
14026
14078
14110
14116
14119
14164
14166
14217
14228
14246
14288
14293
14306
14342
14343
14367
14380
14388
14404
14455
14512
14529
14550
14593
14610
14636
14734
14783
14796
14803
14827
14832
14833
14889
14892
14896
14903
14920
14921
14931
15008
15056
15114
15126
15131
15140
15142
15150
15151
15174
15236
15242
15250
15266
15310
15339
15357
15368
15373
15426
15437
15444
15499
15582
15594
15640
15724
15760
15780
15800
15818
15855
15929
15952
15963
16009
16087
16108
16113
16170
16184
16209
16227
16252
16256
16262
16291
16304
16318
16346
16374
16439
16454
16468
16496
16505
16521
16523
16535
16545
16587
16603
16614
16636
16666
16743
16763
16774
16782
16811
16874
16897
16926
16970
16985
17063
17077
17109
17119
17127
17148
17195
17299
17300
17318
17331
17340
17351
17402
17447
17509
17524
17525
17545
17568
17642
17645
17647
17658
17678
17693
17703
17814
17841
17867
17893
17920
17939
17961
17981
18060
18129
18144
18215
18248
18251
18292
18343
18385
18397
18486
18545
18547
18550
18565
18626
18641
18805
18858
18880
18898
18921
19008
19072
19357
19363
19371
19484
19490
19590
19648
19727
19738
19809
19811
19816
19835
19836
19880
20051
20078
20079
20149
20179
20282
20330
20356
20367
20464
20470
20473
20537
20541
20565
20568
20571
20585
20620
20624
20628
20632
20685
20829
20869
20881
20940
20961
21026
21114
21128
21136
21153
21237
21311
21324
21478
21506
21581
21593
21610
21633
21638
21875
21880
21911
21929
22041
22055
22076
22083
22095
22118
22123
22135
22194
22198
22227
22228
22267
22284
22312
22338
22528
22537
22581
22629
22769
22843
22863
22867
22931
23015
23082
23094
23142
23187
23210
23218
23240
23333
23348
23350
23363
23455
23473
23712
23733
23807
23906
23915
24200
24238
24265
24373
24414
24525
24545
24551
24624
24630
24688
24707
24813
24877
24894
24968
24990
25003
25014
25173
25177
25192
25254
25276
25426
25579
25586
25615
25626
25673
25674
25693
25695
25719
25796
25803
25881
25979
26035
26060
26109
26120
26123
26146
26177
26270
26531
26545
26642
26724
26751
26819
26870
27022
27040
27047
27084
27145
27335
27389
27645
27722
27739
27834
27845
28006
28018
28211
28221
28349
28396
28482
28662
28721
29020
29157
29299
29310
29352
29535
29651
29859
29945
29985
140
209
243
309
311
351
460
462
531
556
615
626
629
668
682
689
694
700
714
764
770
780
807
814
815
825
838
915
1223
1227
1281
1301
1309
1342
1577
1596
1634
1637
1657
1694
1704
1705
1706
1737
1742
1743
1766
1772
1781
1785
1803
1818
1820
1922
1928
1948
1996
2021
2064
2093
2162
2255
2369
2424
2471
2483
2513
2555
2583
2600
2605
2674
2676
2685
2700
2740
2762
2782
2803
2820
2844
2847
2866
2877
2916
2934
2960
2961
2963
2965
2993
3055
3067
3093
3115
3141
3155
3175
3178
3198
3206
3209
3236
3302
3323
3388
3391
3440
3465
3474
3486
3499
3533
3534
3600
3623
3628
3656
3661
3662
3666
3673
3675
3676
3689
3692
3732
3802
3804
3815
3844
3892
3932
3968
4014
4021
4027
4045
4053
4061
4128
4173
4209
4214
4227
4229
4231
4338
4348
4402
4437
4453
4456
4498
4499
4509
4561
4668
4704
4778
4816
4829
4843
4849
4912
4933
4937
4941
4949
4960
5004
5006
5022
5037
5046
5064
5066
5084
5086
5095
5108
5128
5146
5191
5197
5262
5289
5317
5320
5340
5361
5365
5372
5391
5426
5431
5432
5489
5502
5544
5568
5593
5640
5654
5686
5693
5733
5765
5767
5819
5823
5828
5847
5859
5927
5930
5942
5978
5990
5999
6034
6052
6074
6075
6130
6155
6182
6184
6185
6210
6257
6264
6265
6294
6356
6360
6364
6371
6376
6437
6451
6552
6564
6573
6599
6618
6624
6645
6647
6659
6660
6686
6709
6722
6749
6783
6816
6821
6843
6863
6884
6921
6963
6980
7014
7015
7068
7078
7103
7108
7126
7150
7161
7165
7188
7211
7228
7238
7260
7327
7378
7443
7518
7585
7610
7673
7683
7695
7706
7739
7744
7748
7813
7824
7831
7903
7961
8009
8013
8017
8034
8081
8096
8100
8130
8154
8181
8228
8286
8351
8353
8367
8384
8393
8410
8442
8462
8465
8551
8610
8643
8646
8667
8690
8701
8807
8836
8869
8907
9104
9148
9149
9171
9187
9251
9277
9310
9323
9360
9383
9394
9404
9425
9426
9430
9431
9473
9477
9500
9509
9553
9562
9591
9683
9696
9701
9706
9708
9736
9778
9823
9855
9875
9893
9912
9976
9987
10001
10014
10033
10058
10066
10080
10086
10104
10116
10120
10127
10131
10165
10176
10193
10213
10225
10236
10320
10327
10329
10377
10385
10407
10411
10443
10456
10459
10470
10488
10496
10504
10564
10599
10608
10611
10630
10634
10661
10668
10733
10737
10748
10788
10795
10844
10860
10883
10886
10903
10906
10918
10923
10946
10960
10983
11010
11025
11027
11033
11051
11082
11149
11193
11197
11233
11258
11261
11294
11308
11320
11322
11334
11347
11356
11359
11360
11381
11389
11398
11401
11440
11446
11457
11505
11551
11570
11573
11597
11677
11678
11698
11713
11740
11760
11764
11778
11794
11817
11819
11822
11849
11850
11894
11909
11948
11987
11988
12002
12028
12033
12106
12167
12175
12188
12201
12204
12210
12241
12264
12271
12273
12300
12314
12329
12334
12360
12377
12378
12389
12401
12440
12444
12467
12493
12494
12500
12538
12562
12605
12615
12642
12670
12723
12733
12799
12809
12812
12816
12927
12935
12983
12985
12995
13009
13029
13037
13068
13096
13146
13148
13181
13222
13226
13234
13255
13256
13272
13315
13329
13342
13415
13421
13440
13463
13466
13489
13512
13532
13545
13591
13629
13648
13664
13726
13729
13732
13739
13787
13791
13845
13924
13931
13962
13964
13976
13979
13980
14002
14048
14149
14167
14171
14207
14263
14292
14330
14347
14354
14426
14427
14463
14474
14478
14526
14546
14555
14597
14599
14623
14625
14673
14712
14721
14723
14800
14812
14845
14860
14866
14907
14909
14948
14979
14985
15020
15061
15088
15091
15129
15159
15260
15267
15272
15273
15286
15296
15302
15347
15369
15387
15428
15500
15581
15610
15701
15707
15726
15879
15953
15958
15974
15988
16012
16024
16026
16082
16132
16134
16145
16181
16194
16255
16258
16260
16283
16302
16313
16322
16325
16393
16398
16425
16453
16455
16498
16528
16549
16570
16604
16624
16637
16638
16766
16769
16785
16810
16819
16830
16840
16899
16914
16933
16944
16975
17050
17067
17118
17155
17167
17170
17269
17296
17372
17375
17421
17436
17467
17547
17551
17640
17644
17657
17670
17700
17758
17760
17927
17985
18024
18042
18048
18055
18117
18148
18221
18234
18378
18403
18472
18501
18572
18680
18691
18724
18789
18816
18822
18857
18868
18882
18885
18891
18928
18946
19024
19042
19077
19090
19122
19137
19258
19262
19279
19349
19368
19412
19438
19477
19503
19504
19536
19585
19641
19663
19666
19671
19675
19683
19684
19697
19712
19796
19837
19984
19994
20021
20104
20115
20122
20140
20144
20147
20168
20240
20251
20258
20287
20370
20496
20498
20508
20517
20529
20593
20669
20766
20771
20827
20851
20855
20877
20904
20911
20912
20914
20927
20950
20958
20962
20965
21000
21056
21129
21204
21228
21319
21329
21335
21341
21433
21448
21454
21514
21551
21571
21580
21598
21623
21684
21793
21845
21852
21884
21897
21906
21989
21998
22092
22098
22102
22126
22131
22137
22211
22219
22314
22324
22329
22331
22350
22421
22458
22506
22510
22514
22550
22621
22675
22685
22716
22792
22816
22976
22977
23010
23095
23117
23125
23149
23186
23204
23230
23231
23246
23276
23300
23377
23385
23422
23448
23526
23531
23547
23573
23587
23616
23647
23796
23839
23857
23858
23860
23872
23910
23931
24043
24067
24137
24148
24335
24365
24405
24409
24416
24417
24432
24458
24466
24477
24510
24526
24635
24637
24639
24665
24769
24833
24834
24847
24944
24961
24967
24999
25025
25040
25041
25084
25087
25110
25404
25451
25464
25604
25667
25672
25750
25797
25804
25819
25865
25891
25940
25945
26013
26040
26054
26057
26127
26134
26143
26330
26421
26639
26675
26750
26816
26828
26908
26919
26943
27004
27048
27112
27132
27590
27675
27700
27866
27958
28078
28092
28199
28201
28381
28406
28420
28576
29056
29569
29600
29640
29844
29931
29949
30081
14
114
146
165
199
203
211
229
254
257
332
373
417
424
432
463
466
498
563
628
630
671
703
717
722
727
745
762
766
786
794
798
837
850
858
937
1024
1064
1153
1216
1256
1262
1273
1277
1292
1304
1310
1317
1334
1340
1362
1397
1489
1514
1583
1606
1673
1683
1702
1719
1723
1753
1822
1823
1859
1886
1916
1960
1961
2026
2072
2090
2131
2141
2144
2180
2191
2197
2198
2199
2204
2230
2236
2274
2278
2295
2308
2339
2359
2372
2409
2414
2421
2435
2441
2458
2488
2491
2501
2682
2708
2743
2753
2764
2811
2813
2864
2869
2878
2893
2912
2922
2951
2953
2972
2989
3013
3035
3058
3081
3117
3131
3132
3142
3192
3194
3197
3212
3214
3273
3314
3325
3354
3356
3357
3384
3399
3402
3415
3441
3446
3447
3450
3456
3458
3471
3472
3503
3513
3516
3528
3549
3617
3629
3653
3671
3703
3726
3748
3757
3788
3885
3895
3912
3938
3954
3982
4008
4038
4063
4065
4080
4110
4116
4144
4146
4157
4161
4174
4225
4237
4249
4261
4264
4269
4272
4287
4296
4298
4307
4316
4320
4387
4412
4435
4466
4475
4479
4539
4544
4547
4555
4579
4581
4587
4609
4638
4639
4640
4682
4685
4686
4718
4731
4742
4763
4766
4817
4828
4833
4846
4868
4873
4884
4907
4922
4975
5001
5075
5114
5143
5179
5188
5210
5276
5288
5369
5370
5406
5433
5456
5457
5469
5480
5490
5515
5534
5555
5563
5574
5590
5602
5664
5665
5753
5795
5811
5822
5834
5841
5843
5853
5873
5874
5880
5970
5989
6003
6030
6037
6120
6152
6165
6172
6183
6199
6212
6228
6256
6283
6289
6349
6361
6363
6468
6471
6516
6532
6597
6598
6605
6616
6637
6766
6806
6869
6878
6885
6903
6918
6928
6929
6966
7057
7066
7075
7091
7113
7118
7132
7181
7205
7226
7274
7309
7325
7342
7364
7365
7422
7437
7444
7469
7476
7485
7525
7540
7547
7566
7571
7575
7609
7655
7659
7724
7745
7755
7764
7779
7787
7798
7805
7806
7821
7822
7895
7897
7914
7986
7993
7997
7998
8036
8043
8045
8090
8097
8107
8113
8124
8148
8166
8167
8292
8330
8337
8371
8397
8402
8412
8457
8461
8487
8488
8506
8521
8532
8547
8574
8588
8617
8628
8660
8661
8665
8721
8723
8735
8744
8753
8758
8805
