26
27
25
505
0
72
43
3
414
594
2
504
2602
640
1
5932
384
5527
1915
3406
17
1390
24
324
341
603
1620
596
339
64
1515
4793
976
347
385
457
7429
923
1979
2453
335
926
18
345
1888
946
78
281
646
527
5170
944
876
5629
7386
1395
2798
1434
5934
35
5217
590
37
1208
1176
1997
312
3942
444
1541
1046
1533
270
998
2169
76
13549
1050
1203
2432
303
5717
438
2519
2195
3949
1394
20745
8892
1479
2470
4726
38
959
3735
2263
8221
327
526
1105
11641
599
604
2805
310
16
21901
33
7209
321
42
1076
981
5255
1945
3504
2886
8682
2454
10382
100
11554
5636
9972
1120
60
1505
2861
3398
1377
25795
2192
39
96
517
1507
587
5920
5687
2273
47
4017
9
1353
342
557
5085
5089
1898
2568
12579
51
4790
12144
645
5514
508
602
5632
66
29
12688
3952
1994
918
1225
1594
8536
489
927
1402
572
4244
26865
1169
21548
4
502
1174
16410
3988
32
271
2018
4532
56
5605
8751
893
2196
1669
10655
2292
8341
4012
337
1102
7382
9307
25898
878
1589
1843
3308
5219
12906
3910
5870
9480
570
12578
1157
1715
3867
5230
2057
4896
1531
2601
9598
2455
3921
492
1051
2052
1552
2574
330
2766
2853
536
1111
2910
4211
18866
1087
7345
34
58
5641
5937
3945
4510
17124
514
1206
4747
1041
3872
4595
13448
17765
17766
551
924
12956
63
506
1040
2060
8076
1585
11576
889
1275
1889
2622
3747
3840
9065
2581
3522
328
1094
1640
9772
57
7561
15856
12662
1936
2155
2598
6243
1392
1494
529
3411
52
5606
5905
904
1967
1109
1909
2606
1189
3259
333
1302
11891
12062
14508
14743
17244
429
4945
7351
8705
12022
922
2918
10227
196
2280
3435
45
475
936
1089
1230
2322
2608
5165
6999
17479
978
1461
446
562
985
2252
2573
4190
17064
17416
20941
316
1443
8234
8426
9411
22597
23
1185
593
907
4258
2285
2821
931
4794
5125
7702
8518
897
2897
5218
10211
24594
454
1131
1154
1177
3927
9878
2296
2384
4897
16098
326
901
2664
5820
18797
320
1529
5775
7221
331
519
1178
1200
1586
1762
4617
4711
5228
6209
13843
956
1558
2643
2810
5856
17202
19
1413
1905
1937
4841
581
910
934
951
1760
2125
3024
26063
1396
2383
3697
5177
7757
318
683
5776
7817
7937
74
334
891
898
1117
1415
1835
1907
4457
7319
8953
319
1134
1168
2041
2331
2899
4529
9398
14647
79
336
1964
7035
7401
8830
1557
2050
4297
5473
6996
10314
448
509
1381
2536
2769
2908
3404
4716
7379
522
1382
1465
2593
8745
1143
1267
1520
1919
2190
4022
7447
8279
8760
2291
3464
3919
9991
4016
5914
7932
511
871
1104
1280
1501
1582
1836
2348
5623
6924
7433
9131
23112
36
290
2900
9319
19966
925
949
1946
1998
3414
4351
4574
5863
21762
493
1826
2614
4378
16202
884
1002
2550
10985
20858
465
516
3871
5053
344
461
547
1870
2346
2395
3250
4070
4443
4727
5236
13567
21065
1740
3947
4702
5171
5343
7168
10232
18075
584
1930
2901
4838
5486
20583
980
2422
4725
6026
6097
7405
7833
12878
10
274
323
501
3071
5631
7348
7776
11852
886
1868
2388
3786
4728
7046
12304
13759
6
507
1202
2564
2592
3876
5644
5650
6051
7275
13770
451
1173
1844
3818
3957
4822
5630
5683
6583
7924
13609
24569
1158
1387
2098
3495
4805
5342
5491
7424
14634
19977
20479
567
1901
2443
2680
5600
5637
2037
3883
5011
6696
18660
491
554
989
1026
1407
1660
2289
3276
5348
5908
7910
18110
18153
25026
906
1044
1538
1931
2288
2355
5309
6649
26829
354
1022
1127
1849
2061
2565
3320
11708
12122
13439
29916
1138
2504
3739
3809
3930
4310
4892
5933
5944
8671
8905
13224
19488
28
1496
1591
2156
3065
3812
11125
18992
565
881
943
1320
1513
1565
1567
2001
2337
2429
2758
3129
3235
4002
9132
10174
13721
452
2329
2678
3862
6461
10620
14301
55
543
1162
1890
2051
2545
2814
6387
6613
9635
13032
15718
515
523
1207
1530
1913
4127
5031
6011
7944
8996
13705
455
503
1078
1891
2300
3937
3976
8742
8792
11023
1021
1497
1880
2004
2159
3048
12000
12399
18840
445
544
600
1346
2415
2604
2775
3905
3906
5162
5906
7666
8187
11977
20008
20025
28720
974
1986
1995
2333
2449
2456
3403
3813
4256
4714
5757
7549
7839
7952
13225
17246
13
521
1182
1722
4084
4787
6069
6582
7197
10728
15235
930
1028
1700
1862
2924
3400
3852
3909
3923
3975
3998
4117
5417
5929
6395
7672
8761
11910
17690
22956
1274
1398
2185
2631
4188
4250
6448
6591
7305
11788
12025
15165
490
559
595
2562
3151
3315
3746
3856
3999
4330
4732
6333
6489
7715
8854
9061
11628
12782
13823
27643
348
437
1400
1506
2738
2928
3790
3793
3875
3970
5285
5952
7148
7245
7306
17255
23291
848
957
1133
1165
1845
1925
3263
3805
5918
9602
10659
11650
13139
18757
21122
102
1100
1126
1689
1887
1939
2749
3409
3981
4736
4919
5921
8431
14360
14730
14997
19978
20113
20507
54
349
409
621
1431
2889
4831
5250
5825
6456
9077
13884
22061
22579
23781
27638
383
525
868
1345
1473
1686
1741
2659
2666
3188
3246
4025
7162
8082
8328
9533
14411
15237
15241
15341
16340
16793
16919
70
298
442
459
588
887
913
1379
2011
2404
2624
2694
4068
5807
5963
7321
7508
8112
8615
9914
12041
14711
17418
18888
20449
26761
443
896
1522
1970
1972
2164
2692
4168
4560
5815
6381
7513
8038
8282
8608
11262
13777
15752
59
69
549
866
1167
1380
1663
1848
1989
1999
2022
2323
2332
2569
3718
3911
4193
4594
4599
4986
5071
5300
5939
7042
7559
8770
9938
12567
15245
15438
24280
49
510
1075
1090
1670
1858
2126
2633
2812
2914
4165
4920
4989
5318
5422
8309
8901
10961
14012
817
1123
1435
2282
2283
2328
2718
4215
4549
4760
5009
5676
7353
7535
7962
10299
13911
14755
15353
17734
26611
28003
371
382
449
487
862
919
920
1218
1553
1569
1938
2634
3032
3828
3916
5283
6064
6733
8373
8826
10270
12818
12965
13938
15759
22805
27568
291
1037
1242
1974
2181
2290
2686
5907
6073
7428
7432
7552
9043
12840
14362
17722
19026
23253
27003
388
877
1005
1181
1191
2030
2667
2726
3913
4662
4674
4906
4943
5835
6244
6630
6735
7473
7939
8537
8706
9983
10540
12141
13758
14222
16983
17086
21450
22038
7
561
996
1015
1080
1403
1414
1555
1732
1897
1935
2006
2535
2799
3755
4221
4612
4729
4917
5560
5977
6195
6246
7008
7417
7684
7762
9265
27391
27719
73
255
357
781
1170
1386
3329
3340
3571
5226
6050
6146
6851
7596
7953
8291
8922
10676
11979
13375
13563
13918
15081
17083
23671
288
317
586
1031
1101
1106
1252
1261
1547
1688
1902
2231
2294
3740
3915
3989
4606
4757
4988
5074
5704
5747
5864
6738
7480
8109
8540
8722
8767
10543
12315
15343
17257
20012
26204
1378
1934
2194
2446
2451
2642
3293
3878
3902
3939
4123
4151
4154
4345
4352
4364
4792
6912
7341
7347
7439
7857
7915
8227
8709
9527
10102
11480
11487
12309
13640
14737
15795
22808
23232
25188
27383
353
899
1463
1590
1612
2094
2310
3423
3753
3847
4318
4379
4759
4791
5256
5662
6782
6847
7007
7039
7263
7446
7548
7582
7667
8050
8156
8703
8948
10629
12373
13910
15344
17712
20777
22643
20
325
430
497
908
1537
2124
2468
3806
3886
3893
4169
4910
5019
5455
5661
5696
5792
7893
8007
8182
8571
10235
10690
13176
15259
15313
15805
17123
27669
734
879
921
1152
1383
1419
1861
2107
2225
2272
2314
3736
4133
4713
5200
5657
6701
6817
6975
7413
8618
8732
8847
9488
9599
11567
12001
12310
12351
13347
18920
19167
20342
22461
27330
168
1036
1071
1088
1199
1272
1543
1616
1788
1790
2112
2447
2560
2760
2852
6370
7048
7393
8190
9047
9308
10926
11309
12427
14358
14965
16433
17991
21358
22105
361
721
865
1070
1221
1229
1668
2010
2165
2757
2783
3021
3038
3287
4083
4160
4683
4779
5923
6392
7100
7384
7496
7545
8485
8559
8755
8937
10047
10892
12850
16226
17247
18869
19280
20300
22460
22929
29948
41
488
1029
1096
1149
1873
2015
2386
2580
2603
2611
3742
4472
5163
5325
5928
6151
8256
9091
9468
12103
13711
13973
15485
16220
21442
23662
119
377
720
890
916
940
1025
1045
1163
1892
2368
3037
3922
4396
4604
4851
4872
5092
5759
5909
5916
5954
6418
6695
6923
7731
8161
8245
10065
10093
11491
12923
14748
15410
16100
16351
17540
18394
20253
494
867
941
1066
1471
1568
1728
1914
2016
2226
2284
2561
2645
2679
2797
3073
3283
3854
4266
4270
4705
4850
5359
5524
5649
5750
6292
6751
7122
8016
8567
8572
9189
9239
9256
10956
13207
13927
14532
16296
16547
16806
17032
18142
18825
21054
24079
27215
46
1074
1576
1627
2201
2242
2385
2571
2619
2968
3971
4242
4598
4715
5278
5339
5931
6703
6743
7462
7804
8078
8160
9646
10115
10167
11029
11699
12228
12756
13671
13767
15741
16481
21195
27576
65
71
111
194
389
395
723
1018
1321
2347
2517
2731
3417
3944
4205
4661
4931
4992
5415
5682
5708
6421
7056
7418
7457
7668
7788
8108
8277
8305
8561
8857
9064
9262
9368
10085
10683
11351
11704
11818
12481
13760
15877
16280
16755
20596
26713
40
535
550
740
984
1043
1180
1629
1727
1900
1987
2630
2826
3514
3762
3943
4030
4327
4458
4692
4724
5010
5017
5116
5541
5707
5773
5821
5919
6300
6388
7009
7173
7212
8153
9188
9467
9469
9653
9763
10345
10697
12680
12762
13441
14357
15053
15622
16212
16759
18302
18798
20297
20339
20971
23435
26880
27684
27871
30
101
314
374
1103
1212
1411
1438
1566
1588
1655
1777
1854
1869
1929
2097
2127
2366
2411
3047
3448
3833
4302
4788
4820
5067
5185
5227
6404
6443
6464
6819
7498
7601
7678
8165
9407
9576
10628
11549
12133
12392
12438
13435
14452
14862
16300
16847
17466
18929
68
892
969
1039
1385
1519
1860
1985
2175
2711
2770
2885
3154
3489
3846
3888
4234
4399
4534
4568
5174
5277
5286
5705
5862
5967
6025
7334
7849
7867
8164
8557
8598
8685
9092
9145
9380
9487
9548
9676
9907
10212
11357
11422
12892
16089
16606
17376
17894
22613
24154
26920
26972
28250
8
21
108
296
305
436
759
808
1006
1112
1160
1356
1874
1940
2055
2377
2459
2728
2884
2896
2940
3355
3752
3827
4710
5110
5253
5304
5727
5799
5892
6384
6485
6933
7600
8171
8489
10656
11164
11592
11630
12127
12801
12902
12915
13672
14237
15381
15606
15754
16136
17344
18664
20280
20635
21739
22304
25621
173
420
500
1352
1544
1750
1851
1906
1924
1926
2563
2772
3759
3816
3877
4118
4162
4926
5612
5681
6576
6952
7051
7406
7501
8149
8556
8694
8831
8923
9506
9550
9627
9716
11784
12038
12969
13075
13832
17912
18196
18703
21681
22022
22060
28548
279
426
667
708
873
1150
1161
1312
1322
1401
1503
1545
1602
1636
1645
2032
2315
2319
2572
2696
2990
4011
4177
4626
4748
4798
4916
5229
5328
5472
6033
6049
6255
6572
6648
7177
7206
7357
7909
8543
9069
9078
9450
9479
10171
10735
10738
11070
11418
11577
11724
11751
12036
12115
12750
17588
18326
20814
21991
22120
468
582
609
1171
1358
1432
1453
1500
1546
1549
1560
1662
1780
1841
2104
2259
2321
2334
2381
2393
2452
2485
2941
3337
4473
4501
5097
5429
5513
6690
6826
7522
7531
7554
7966
8179
8207
8315
8777
9377
9600
10046
11782
12397
12539
12900
13108
13122
13390
13503
13593
14202
14485
16205
17810
17940
20844
23227
25195
27715
469
530
555
843
870
1146
1487
1603
1642
1866
1943
1983
2003
2035
2143
2257
2522
2691
2815
2849
2860
2995
3028
3304
3334
3682
3764
3798
3845
3931
4187
4223
4339
4511
4584
4637
5057
5166
5186
5274
5419
5484
5846
5941
6406
6440
7846
8215
8226
8370
8470
11131
11538
11594
11742
12042
12813
12839
12869
13151
13407
13437
13450
14390
14471
14735
16336
17542
21315
22335
25157
27839
28927
749
917
987
1135
1137
1214
1238
1326
1535
1882
1942
2054
2305
2341
2487
2613
2939
3010
3330
3496
3696
3765
3869
3918
3951
4018
4048
4051
4204
4260
4827
4962
4983
5519
5599
5638
5680
6114
6188
6220
6481
6635
7300
7436
8151
8297
9154
9512
10094
10969
11081
11709
12376
13445
13516
13775
14740
14933
15851
16077
17084
18640
18922
19965
24952
25018
25048
25261
25972
27445
77
195
574
579
928
939
967
1099
1125
1141
1488
1580
1605
1664
1867
1885
1981
2148
2158
2297
2433
2640
2687
2705
2713
2838
2880
3128
3397
4175
4235
4245
4294
4317
4350
4803
4928
5390
5663
7412
7516
7543
7602
7699
7991
8105
8436
8468
8538
8698
8883
8941
9297
9979
10305
10444
10664
10930
11324
11658
12043
12306
12395
12405
12735
13772
14545
15110
15345
15457
15583
15664
18963
19318
20954
22990
24804
26122
27204
28530
28727
81
82
686
977
1059
1110
1116
1209
1269
1319
1371
1562
1863
1903
1908
1988
2040
2063
2457
2477
2494
2503
2544
2688
2750
2825
2867
3792
4143
4170
4241
4283
4349
4562
4719
4786
5094
5231
5268
5646
5677
5887
5948
6221
6347
6586
6650
6757
6954
7627
7919
8031
8077
8125
8195
8514
8535
8568
9184
9295
10100
10920
11337
11344
11361
11781
11844
11936
12055
12323
12368
12393
12690
12761
12792
13011
13023
13129
14659
15015
15133
15712
15781
16784
17034
17918
19901
19996
21226
21376
23147
27538
27850
914
1098
1107
1144
1604
1624
1816
1980
2033
2034
2261
2318
2342
2734
2779
3589
3737
3995
4252
4341
4343
4681
4734
4744
4800
4854
4862
5243
5307
6017
7246
7380
7459
7493
8243
8407
8696
8958
8985
9143
9378
9386
9409
9444
9511
9513
9514
9522
9535
9612
9978
10155
12766
12931
13189
13350
13662
13814
14900
14962
15077
16740
19577
21021
21090
21622
21959
25326
27857
299
405
518
693
824
888
900
973
1156
1271
1350
1430
1525
1911
2239
2267
2268
2325
2403
2589
2722
2791
2882
2904
2909
2975
3484
3657
3715
3925
4191
4485
4487
4678
5016
5082
5355
5647
5814
5816
5885
5968
6390
6710
7199
7231
7349
8229
8244
8427
8566
8569
8748
9116
9215
9400
9793
9930
9988
10240
10612
10627
10912
11652
12316
12476
12524
12901
13464
13474
13978
14096
14201
14203
15258
15490
16632
16796
16822
19305
20683
20947
21914
22148
22488
23652
24858
25756
26734
172
304
583
857
953
1389
1474
1536
1698
1726
1876
2005
2048
2122
2171
2275
2330
2785
2804
3030
3060
3200
3249
3343
3352
3701
3858
3908
3973
3987
4044
4085
4178
4257
4314
4319
4566
4571
4611
4634
4696
4735
4751
4923
4942
5049
5115
5172
5336
5488
5685
5690
6134
6141
6157
6276
6341
6504
6961
7000
7193
7196
8249
8313
8497
8504
8523
8570
8593
8788
8994
9085
9141
9169
9970
9975
10404
10658
10850
10958
11148
11321
11564
11964
12293
12344
12411
12422
12773
13299
13546
14098
14666
15289
16992
16997
17110
18899
19243
19464
21135
21504
21902
22066
22864
22876
23586
23730
25135
26446
26450
26550
29886
98
315
404
450
558
826
828
874
875
911
912
962
1136
1236
1259
1428
1469
1550
1635
1746
1966
1982
2374
2521
2609
2641
2894
2996
3297
3328
3393
3396
3550
3688
3741
3796
3857
3873
3929
4263
4288
4362
4389
4934
4970
5068
5107
5607
5653
5699
5718
5826
5894
5972
6314
6337
6350
6476
6823
6845
6931
6968
7037
7244
7279
7343
7640
7652
7675
7756
8326
8355
8494
8501
8502
8505
8515
8787
8839
8930
9267
9286
9645
10022
10536
10624
11281
11368
11612
11622
11747
11785
12024
12063
12186
12430
12686
13630
14056
14879
15257
15478
15627
18274
18398
18939
18994
20592
20639
22191
23617
23731
26462
26732
27508
27903
394
670
863
1121
1187
1194
1219
1511
1638
1769
2009
2046
2172
2612
2639
2656
2744
2911
3056
3088
3147
3176
3770
4019
4091
4326
4502
4647
4708
4784
4932
5087
5291
5341
5549
5620
5625
5808
5915
5957
6227
6422
6495
6626
6829
7252
7350
7391
7637
7759
8005
8066
8261
8332
8372
8415
8496
8558
8576
8843
9161
9242
9341
9502
9949
9966
10081
10702
10964
11138
11169
12154
12530
12580
12679
12771
13585
14175
14423
15001
15370
15639
15647
15878
16192
16279
16429
16645
16807
16978
17068
17079
17763
18768
20969
22879
23072
24454
25620
26667
29510
50
403
458
480
495
675
821
1003
1211
1239
1491
1958
1984
2027
2028
2086
2177
2258
2316
2391
2530
2752
2921
2988
3005
3036
3232
3261
3385
3505
3523
3749
3819
3851
3855
3896
4009
4166
4494
4853
4877
5100
5410
5584
5622
5627
5634
5922
6016
6247
6299
6600
6673
6815
6818
6945
7163
7217
7388
7400
7622
7781
7850
7969
8001
8074
8083
8199
8257
8312
8495
8510
8511
8516
8517
8539
8890
9134
9271
9284
9464
9470
9862
10040
10203
10309
