13498
10697
12607
13866
9610
4829
13647
12608
12731
14874
15171
15202
15213
15278
15018
11868
4
104
256
268
266
528
682
943
1118
162
1318
1325
1345
1466
1657
1611
1709
2058
2373
2413
2468
2972
3145
3443
3481
3495
3772
3897
4125
4209
2681
4242
4385
4708
807
4870
4871
5273
5297
5339
5394
5390
5393
5654
5743
4028
5814
6016
4412
6067
4465
3713
6338
3708
6762
6899
6907
6996
7048
7180
7330
7340
7369
7713
7716
7967
8121
8122
8150
8248
8435
8434
8544
1655
5467
8838
8846
9048
9336
9451
9523
9652
9661
9884
9906
9923
9941
5790
10132
5463
10436
9867
10902
10903
11314
11401
11344
5355
11429
11548
8357
11696
11738
11935
12128
12132
12177
10687
12192
12345
12419
12432
12451
12601
12707
12711
12784
12893
12768
12983
12993
13021
13057
12883
469
13266
13309
13339
13174
13536
13551
13696
8193
13716
12058
13923
12867
14281
14283
13708
14334
11882
14886
13983
13040
15106
15168
15443
76
636
755
756
766
885
803
893
913
919
944
1238
1347
1361
1495
1610
1683
1723
940
1871
1943
1970
2100
2161
2300
2303
2395
2495
2539
2946
329
3245
3461
3532
3605
4321
5140
5182
5228
5362
5626
5832
5935
6033
6069
6309
6474
6496
6511
6589
6660
6682
6714
6752
6809
6830
6491
3861
6926
1617
3721
7061
7068
7094
7106
7195
7216
5367
7358
7295
7376
7409
2776
7591
7606
7631
2784
8259
8416
8554
8579
8748
9180
9527
2870
9670
9338
9966
9970
9832
10092
10236
10277
10444
10447
10536
10582
5592
10628
10652
7468
10840
10855
7494
11130
11497
11602
11726
9271
12047
12321
12647
12739
10000
5179
9932
12824
12857
12907
12941
8464
13000
13028
13164
13192
13687
13714
13742
13737
13763
12722
14372
14516
14169
13177
11946
14779
7815
14889
5797
15047
8772
10710
14174
13735
14541
21
109
134
238
404
538
588
689
865
962
1015
1034
1083
1095
1204
1231
1254
1258
1259
1379
1385
1384
1416
1453
1562
36
1252
1726
1883
2098
2452
2534
2569
2810
3005
3117
3174
3660
2642
3810
3987
4383
5092
5374
5441
5276
5985
5996
6109
6278
6288
6306
6448
6552
6619
2075
6766
6774
6846
6856
6873
7041
6770
6573
7107
7144
7233
7234
7257
7372
7610
7635
7722
7723
7873
8158
8380
8622
8682
8849
9457
9507
9519
9772
7518
9953
10087
10162
10514
10529
10573
10606
10625
10664
10677
10782
11198
11264
11424
11530
11667
11719
11603
3945
11992
12108
12404
12439
12500
10498
12538
12656
12774
12789
12835
12860
13076
10883
13230
13238
9668
13325
13343
7797
13592
13593
12303
13643
13719
3352
2471
13835
13130
10708
10719
13281
14342
13688
12779
12082
14171
14972
15083
15116
15127
14893
7786
13646
12584
101
260
323
298
739
814
879
895
1076
1282
1284
1212
1360
1420
1572
1320
1714
1770
1778
1715
2053
2294
2295
2347
2406
2478
2482
2555
2813
3064
3306
3437
3563
3796
4042
45
1167
4149
4250
3999
4404
4728
4805
5016
5070
5408
5521
4855
5737
5816
5830
6201
6490
6455
3714
6782
6643
6806
6738
6936
6967
6875
6985
6987
3720
7065
7056
7178
7213
2153
6628
7305
7364
7393
7554
7649
7756
8383
8669
8715
8848
9195
9224
9335
9562
9862
9993
10141
10166
10265
10271
10531
10589
10611
11041
5547
11238
5340
4352
11257
11431
11351
4353
11456
11551
11607
11630
11660
11737
11697
11739
12101
12163
10303
12344
12416
12505
7811
5950
12702
12813
12828
7565
7455
12958
12959
10543
8754
13082
12055
13200
10196
13329
12054
12028
13603
13612
7533
7776
13748
12102
14050
8303
14198
1948
14240
13792
13803
14340
14397
14423
12572
9582
14979
15001
14989
15041
13935
10003
13689
9
142
250
361
165
523
589
679
753
161
953
852
1123
1187
1376
1410
1607
1675
1309
1958
2157
2196
2208
2220
2318
2455
1604
2852
2884
794
3179
3188
3799
2242
4019
4049
4157
4239
4297
4318
4338
4397
2769
4680
3755
5053
5075
3691
5364
5584
4585
6027
6167
6307
5305
6370
6390
6581
6291
3036
6657
6699
6701
6854
6876
6964
6984
7087
6730
7197
7199
7253
7339
7520
7601
7744
7828
7847
6764
7906
7072
7963
8110
8135
8163
7190
8241
8444
8694
9238
9440
9575
10111
10135
10245
10485
10579
10647
10659
10904
11176
11182
11267
11273
11284
11348
11272
11406
11250
11503
11425
11432
11717
11720
11590
11435
9262
11867
11897
11906
11941
11961
12044
12169
12190
12213
10433
9272
12256
12402
12465
12467
7428
12399
11981
12686
12817
12899
12981
1443
12818
13097
13103
13132
7800
13190
13193
13311
13376
12918
10431
13605
12406
9824
13813
14006
14127
13351
13527
13306
14284
14382
14489
14526
13175
15043
12781
15149
3408
15313
13044
10694
89
108
263
505
518
542
550
576
844
985
950
825
993
1242
381
1538
1637
1300
1718
1775
1831
1832
2117
2133
2191
2171
2340
2431
2464
2900
2916
2984
3021
3244
3284
3477
3631
3778
3817
3900
3915
4052
4269
938
4685
4725
4727
4874
5323
5446
5583
5657
5675
5684
2771
6310
6347
6403
6416
6612
3705
3707
6765
6816
6867
7036
7118
6646
6790
6327
6728
7156
7365
7373
7380
7551
7579
7592
7641
7671
7709
7711
1794
7892
4074
7936
5009
2632
8438
8445
8449
2865
8713
8880
9241
9248
2914
9522
4819
9510
9902
9472
10261
10269
1938
8469
10475
10567
10570
10581
10644
10674
10679
10770
2428
10298
11040
11123
11162
11183
4230
8393
11265
11285
11389
11407
3134
11249
7470
11605
11610
2866
11732
11891
11901
11984
12073
12176
12179
12221
12224
12232
8858
12417
12437
12489
9474
12564
12393
12792
12814
12877
9261
7445
12971
5025
13022
10752
10118
13279
13292
3420
13352
7454
9615
13616
13732
13744
13909
14230
14277
14352
14434
14491
14556
14789
14870
13631
5804
15214
13884
14527
12810
15454
13620
15485
12280
59
49
425
439
472
543
706
782
987
1090
977
1193
1684
840
1738
2084
2131
638
2474
2835
3496
3588
4119
4130
4133
646
4295
4333
4444
4751
4791
4838
4872
4897
5137
5275
5300
5505
4955
1805
5587
5607
5678
5773
5877
5984
1157
6107
4626
6273
6285
6363
6391
6438
6469
6489
6546
6577
6609
6658
6716
6582
6923
6932
4853
3731
6947
6883
6804
1177
7218
7000
7351
7157
7571
3413
7907
7952
7959
3756
8102
8151
5464
8246
8257
8384
8389
8455
8502
8802
8828
2936
9426
9446
9511
5484
3818
9899
3872
10088
10091
8471
10206
10282
10592
10779
10845
10846
11073
11150
11180
11216
8340
11410
11343
11743
11756
11911
11939
11953
12005
12020
12022
12049
12226
12333
12440
12652
12815
12922
5904
13096
13165
13202
13212
13225
13227
13231
13260
13294
7814
13301
12513
13318
8473
13386
12098
13518
13606
13729
11923
13802
12008
9673
4944
12281
1469
12387
12851
11922
14524
14551
14589
5640
12830
12663
12545
15157
3363
15500
1857
70
228
251
255
286
399
406
536
584
173
848
855
597
409
918
1203
1213
996
289
900
608
1392
1472
302
1305
1352
1355
1725
2136
2163
2189
2376
2415
2436
2832
2889
2791
2988
3106
3259
3294
3432
3834
3979
4007
4037
4067
4438
4470
4587
2029
4865
4986
3369
5391
5694
5698
6104
6205
6337
6359
6447
6462
6599
6676
6649
6786
6570
6845
7075
7132
1635
6742
7126
6953
7184
7196
6949
7271
7290
7292
2869
7661
7677
7947
8083
8106
8431
8436
8551
8707
8823
9070
9222
4307
9548
9554
9660
9810
9860
9958
10095
10098
10247
10289
10396
10451
8862
10618
10654
10826
10834
10835
10838
10175
5466
11295
11271
11418
11332
11519
10241
11749
11611
11776
11881
11905
11968
12158
12206
12409
12494
12539
12600
12352
12613
12633
12643
12700
12752
12761
12927
12944
12968
12980
13073
13166
13187
7932
13268
10324
10688
13523
13561
13565
13692
13760
11509
13816
13885
13890
13916
13972
14117
14181
12646
14384
9608
8199
14568
14595
13381
14392
11824
460
13239
14987
15005
14883
8859
11886
15072
13557
25
77
91
243
344
522
671
715
890
952
958
1001
1214
828
1296
479
1474
171
1316
1636
1609
1925
2094
2122
2290
2329
2399
2815
3758
3764
2702
4226
4248
2266
4326
4386
4461
4807
4810
4866
4951
4968
5234
5409
5427
5563
5589
5650
5805
5818
5998
6074
1730
6308
6443
6475
3165
6603
6673
6721
3789
6758
6785
6431
6482
6863
6898
6924
6997
6998
7040
7017
6551
7151
7123
7088
4101
7228
7092
7406
7600
6961
7868
7911
8045
8141
8296
8300
8457
2790
2793
4839
8675
8678
8746
8839
9243
2107
9520
9580
5004
9808
9982
10029
10822
1949
11055
11115
5347
11276
3133
11308
11338
11381
11258
11371
11442
11447
11441
1914
11468
5344
7489
11587
11614
11859
11970
12036
12042
12048
11978
12160
12194
12228
12339
12484
12499
12563
12575
12659
10425
12790
12802
7534
12878
12945
13012
8411
6316
13055
13064
13104
8368
13137
12161
13162
13245
13322
13342
13401
12193
13497
12166
13681
11994
12264
13395
13734
13844
12730
13868
12891
13910
13966
13977
11920
14165
14357
14386
13156
14439
9915
14531
12850
14995
13521
15102
15148
15170
15187
14310
1820
9250
10222
15675
12748
11888
223
670
723
989
1105
611
1225
1299
1520
934
1710
1769
1739
1802
2016
2388
2463
2175
3075
3124
3213
3509
3516
3577
3656
3792
3869
3918
4178
4328
4566
4595
4286
5093
5198
5272
5562
5652
5736
5991
6005
6066
6333
6340
6399
6436
6466
6564
6680
6688
6760
6825
6866
6922
3529
6973
6881
6885
7037
7119
6994
7186
7201
3043
7231
7232
7303
7345
7421
7183
7555
7653
7879
7965
2742
5084
8100
8117
8161
8168
2891
2384
8718
8993
9017
7569
2426
9424
9538
9555
9774
5125
9989
9995
10033
10061
10096
7921
9676
10143
10150
10252
10256
10259
10610
10617
10634
10663
10672
10680
4674
11125
11151
11261
5546
11378
11357
11391
11363
11444
4027
11542
11588
11988
12077
12084
12249
12254
9833
12363
12488
12504
12560
12710
12733
12798
12829
12876
5029
7883
12982
12926
9835
13155
13167
5480
13286
13297
13330
4946
13475
13492
11175
13534
13554
13573
13639
11887
9260
13799
10310
13587
14148
14217
11687
14448
14450
14490
8461
14753
10882
14899
5643
14982
15004
15071
14882
15120
15188
12542
15211
14320
12930
16112
244
276
396
524
572
683
727
768
891
970
1045
1044
1222
837
593
1291
1255
1279
1246
888
1777
1779
1885
1935
2147
2250
2339
2450
2451
2456
2496
2942
2961
3341
3629
3808
3898
3983
3065
4557
4544
2649
4701
4703
4814
4849
4972
5003
5055
5171
5528
4135
5551
5681
2737
6154
2156
6357
6275
4856
6710
6842
6851
6757
6870
6397
6914
3921
6592
6990
7025
5158
7084
6526
6395
7165
7177
6442
3044
5303
7179
6323
7222
7226
7405
7521
3135
7593
7667
7874
7886
8017
8019
8033
4309
4222
8264
8372
8401
2789
8789
8884
9037
8860
9343
9537
9905
9981
10049
10053
10044
10149
10248
10279
10330
10438
10480
10635
10675
10829
10869
10038
11124
11214
3959
11283
11317
11355
11380
11404
11298
11397
11486
11517
11665
7998
9266
11702
11722
11747
11974
12015
12067
12165
12184
12222
12253
12255
7768
12438
12509
12541
12662
12692
12695
3383
12841
12847
12905
12900
12970
13003
13018
13027
13029
12283
13224
12531
13236
13291
13296
13312
13391
13548
13586
13637
9689
9257
9259
13762
13805
13810
13273
13841
10508
14163
10877
5593
13811
14394
14401
12260
9865
14587
14588
5011
15008
7779
10879
7435
116
192
253
332
722
725
1235
830
1362
1593
1606
1475
802
1702
1249
1712
1678
1976
1687
1679
2194
2465
2559
2985
3109
3535
3800
3931
3961
4051
4081
4140
4336
4429
4029
4442
4547
4567
4611
4803
2239
4991
5071
5172
5322
3718
5412
5406
5402
5679
5729
5822
5841
5859
6030
5282
6272
6341
6384
6387
6409
6623
6675
6726
6745
6753
6841
3671
6787
6894
6349
6995
7049
6819
6629
7134
6743
7130
7071
7342
7343
7525
2730
7680
6047
7069
7946
8026
8038
8144
4251
8175
8322
8429
8709
8752
8760
8793
8843
8850
8878
9171
9203
9190
9803
9858
9907
10060
10200
10210
10224
10376
10386
10411
10483
10490
10489
10532
10578
10583
10637
10643
10862
7529
10716
11056
11177
11179
8397
11288
11356
11302
11248
11474
11662
11694
11875
12003
12052
12093
7511
12210
12215
2958
12317
12009
12407
12477
12493
12453
12595
12783
9264
13020
13077
8867
12286
10735
13203
13234
13235
13256
13332
13353
13366
13390
12199
13483
13661
13686
8776
13764
14124
13815
14157
14197
9685
14264
9790
13913
14409
14441
14511
9256
13182
14965
14350
14973
15057
14884
5479
13359
14496
12573
15247
15249
15291
15192
14370
15392
15091
10002
14981
11170
12285
16109
65
757
872
388
377
1186
936
1201
1172
999
1174
1173
1389
1671
1823
2119
2192
2206
2326
2351
2488
2615
3214
3344
3543
3813
3934
4014
4360
4389
4426
4485
4525
4809
4936
4983
5006
5256
5320
5334
5454
5461
5550
2764
5730
1037
5840
5839
4621
6063
6253
6289
6536
6544
6268
6555
6692
6693
6722
6746
6864
6872
6934
6989
7015
6631
3034
6791
3040
6350
7208
7267
7318
7359
7410
7637
7655
7670
7181
7863
7864
7891
7982
7202
8023
8112
8129
8156
8171
8269
5537
8425
8499
4365
4033
8670
8825
8882
2768
8990
9167
9177
9509
9551
9571
9863
9924
9952
9961
7512
10154
10296
10383
1556
10414
10460
10528
10646
7795
10853
7475
10898
10908
10911
8766
11121
11119
11157
11159
3746
11300
11319
11253
11340
3692
11296
7840
11419
3845
11472
11515
11393
11656
11664
11745
11825
11993
12087
12148
12235
11938
12323
12335
12375
12405
12435
12460
12466
12468
12479
12540
12550
12651
12674
12760
10732
12889
4816
13010
13194
13197
13258
10072
13337
13336
10320
12911
2381
13540
13555
13671
7477
13832
4827
13846
13848
13861
13919
12640
12527
14029
14048
9112
14189
12645
13856
12845
14262
14280
8479
14338
14399
13490
14358
14533
14585
9934
14876
9680
14888
14959
12096
14115
8733
13313
9933
15092
14244
12429
15166
15221
7429
15301
5490
13244
15597
15613
12822
14577
11927
3423
15046
15432
15681
16030
14302
15693
15925
14437
118
259
352
398
530
555
775
875
927
929
966
28
1116
877
984
1564
1581
1298
1269
883
975
1680
1701
1818
175
2160
2219
2382
2396
2500
2588
3063
3338
3643
3661
3748
2261
3956
4050
4443
4529
4712
4719
4813
5361
5429
4961
5673
5761
5912
6161
4640
6362
5712
4102
3667
6672
6737
6269
6915
6928
4956
6792
7055
7110
7066
1917
7324
1555
7545
7577
7007
7603
7621
7654
7743
7862
7931
7948
8094
8098
8214
8378
6741
8456
8611
8621
8644
8650
7143
8816
2895
8969
9095
9247
9448
7237
9757
9783
9856
10047
10161
10454
10458
10470
10777
10854
11242
3958
11341
11379
11415
11445
11312
11593
7586
11821
11831
8785
10562
12106
10174
12217
12225
12295
12343
12384
12390
12427
12458
12459
12470
12476
12483
3384
12697
12805
12823
12879
12947
12965
12969
13139
13189
11685
12675
13215
13261
13283
9284
13308
12570
13365
3409
13558
13657
13702
7796
13745
13808
13546
13864
13865
13967
11688
14126
14196
13158
14249
12712
14259
14266
14279
8462
14325
14375
14381
7973
14552
14558
14640
13669
14841
5874
14900
12795
15007
11137
8855
15197
9834
15243
9283
15346
15360
15380
15394
13658
15398
15463
15002
12512
14976
12726
15921
88
350
444
533
534
571
623
784
957
964
980
1241
609
1571
1650
1220
1613
1974
2141
817
2310
2466
2483
2551
2921
3112
3147
3157
3261
3455
3846
3140
4450
4543
4561
4693
4702
4796
4923
4935
5087
4835
5196
5452
5497
5510
5676
5685
5709
5740
5741
5748
5892
5966
5992
6106
6261
6522
6524
6768
6777
6868
6909
6921
7054
1829
5238
6968
7152
7182
6545
7219
6789
7262
7341
7381
7391
7188
7574
7668
7698
7596
6958
6318
8032
6219
8091
8210
8071
8489
5919
8706
8716
8761
8808
3085
3843
9187
2765
9453
9557
9625
9969
9994
7567
10158
10219
3771
10534
5638
10627
2980
10843
10996
11269
11301
11329
11209
11294
11422
11394
11516
11698
4423
12071
12085
10709
12127
12178
12207
12240
12293
12370
12372
12391
12436
9876
12487
12610
11823
12738
12754
12755
12799
12875
12910
12919
13095
12441
13210
13274
13282
13323
11928
13535
13566
13611
12113
12714
13675
8189
13854
13867
13926
13993
4761
14113
14184
14353
14378
14395
14412
14469
10875
14632
4132
13360
14879
14971
14984
13079
14129
15068
15134
15137
14571
9916
12522
5614
13280
7558
13817
1544
15348
15282
9285
15686
14427
15924
13929
13023
220
252
347
635
748
155
864
868
833
1068
949
1260
389
1368
937
293
1287
1755
1713
1834
1888
1896
1971
2055
610
2263
813
2580
2592
2614
2969
2999
3110
3182
3518
3571
3608
3803
4143
4160
4245
4249
4262
4395
4419
4458
4506
4514
4513
4699
4292
4949
5204
5246
5319
4349
5377
5444
5455
5564
2170
6077
6262
6381
6439
6450
6575
6695
6704
6620
6759
6794
6850
6319
6927
6771
6969
6889
6890
7042
7085
6974
7117
6636
7174
7200
7350
7557
7642
7699
7870
7893
8097
8140
8145
8306
8330
8349
8430
8521
8625
8626
8827
8812
1181
6249
4673
9176
9234
4016
9534
9566
9647
9671
9875
9885
9901
9965
10057
10133
10199
7439
10387
10538
10598
10830
10857
10866
10986
9769
11260
11277
5350
9868
11328
11367
11370
5345
11428
11187
11479
7841
11498
11661
11671
11673
5906
11705
11866
11973
11963
11932
12090
11982
12147
12151
7560
10720
12239
12316
12355
12463
12667
12685
12262
12709
12638
12928
12942
12604
12368
12960
8751
12833
1619
13087
13107
13214
13226
13288
13293
5491
13438
13472
13474
13039
10499
7933
13665
3401
13809
7422
11173
13881
10507
12268
4732
9450
14130
12524
14232
13128
13559
14407
13624
7423
14453
14510
3375
14330
14564
14578
14633
14683
14721
2855
14862
14896
10170
15114
15160
15172
15199
14442
10169
15281
15289
15290
15293
13632
14456
15458
11507
15499
14301
14565
15692
15908
8289
15911
16094
13992
231
541
547
551
578
903
904
982
1003
1085
1109
824
1456
1532
1772
1905
1989
1477
2121
2123
2143
2278
2475
2522
2568
2842
3047
3278
3833
3848
1603
4304
4330
4439
4463
4503
4511
4704
3775
4885
5210
5325
5399
5410
5431
5753
5760
5772
5779
5824
5860
6078
6183
6260
6446
6498
6521
6617
6670
6817
6823
6527
6829
6938
6986
6674
6886
6874
7127
7133
7155
7167
6645
7194
6948
6497
7255
7328
7570
7573
7594
7658
7659
7703
7710
7712
7611
7124
8015
8027
8078
8088
8162
8160
8570
2858
9062
9199
9218
9337
9588
9648
9794
9809
9889
8770
10115
10213
5488
10401
10462
10466
10524
10563
10623
10629
10836
10913
4058
10925
10188
11052
11118
11237
4355
11223
11315
11316
11450
11325
11350
8396
11604
11754
11755
10384
11854
11893
11907
11919
8118
12203
6317
12223
12251
12376
12196
12661
12800
12808
12305
12844
7812
12966
13030
13186
13199
12749
13262
9471
8178
11703
13385
13547
10748
13574
13713
13739
13747
9662
13825
13109
13851
13871
10421
13904
13767
9293
9603
14267
14335
14337
14419
14517
10998
5494
10520
14762
12364
13106
15033
15036
15039
15098
15123
12301
14781
11944
12516
12729
15541
10016
8963
15909
10502
349
565
1110
1210
1293
295
1323
1250
1380
1459
1496
1787
1880
2232
2383
2422
2448
2473
2485
1807
2618
603
2920
2953
1708
3066
3076
1277
3234
3546
3551
3794
4011
4046
4095
4147
4180
4387
4604
4879
4996
5021
5212
5271
5375
5401
5552
5658
5762
5763
5765
5853
3098
2646
5932
5936
5989
6013
6091
6126
6144
6155
6755
6905
3679
6571
6975
3670
6940
6483
7113
7096
7168
7301
7316
7379
7413
2651
6943
7583
7626
7675
7849
7872
8004
8132
8242
8243
8433
1915
1168
7442
8692
8712
8780
8788
8836
8844
3783
5062
8967
8971
8979
9041
1578
7813
9437
9485
9540
9544
9547
9750
9819
10045
10217
10278
7949
10394
10464
10776
10804
10823
10825
10831
10844
10849
10864
7491
10924
10944
10948
6225
10073
4644
11245
11310
5352
11299
10937
5346
4901
11577
11609
11619
9513
11746
11750
11762
11771
11741
11784
11819
11936
12016
7235
12385
12398
12400
12401
12424
12461
12471
12635
12657
12664
12682
12683
12693
9602
12745
12753
10872
12771
9290
12940
12943
10068
13014
13035
13050
13058
13060
13092
4834
13135
13157
13172
13222
12677
1945
1856
13088
10300
2529
1433
13627
13629
12535
13693
7506
13740
12110
13746
13778
13843
13886
10006
13934
13938
13931
14073
13726
14162
2861
13263
7448
14263
14268
14341
14348
14376
14398
14413
14475
14477
14492
10291
14523
14525
14332
9674
14591
14840
14845
14643
13015
14992
8369
14351
15038
14308
15090
12962
15193
10071
15258
8775
15288
12917
8192
15358
15372
11534
15175
13914
15420
13545
15470
12743
15511
15614
14540
15627
12796
15666
13769
15698
15758
14273
16062
16066
15488
14389
15926
712
923
1053
1065
375
881
1170
598
1302
1660
1471
1863
1968
2079
2099
2130
2139
2183
2251
2254
2327
2354
2356
2366
2398
2418
2589
2593
2598
2604
2609
2830
2070
2962
3080
3233
3277
3533
3752
4036
4040
4115
4137
4145
1771
4428
4451
4490
4493
4608
4614
5022
5043
5078
4054
5248
5268
5333
5386
5416
5812
5831
5835
5887
5931
6001
6062
6099
6102
6075
6156
6145
6172
6194
6255
6259
4960
6299
6303
6547
6585
6297
6861
7009
7038
6464
6954
7166
6959
7250
7352
7363
1169
7524
7497
7672
7748
7850
7203
6980
1333
7889
4312
8024
5492
8134
8166
8115
8216
6321
8426
8565
8586
8606
8619
2636
6434
7821
8699
8818
8835
8868
9045
9049
9192
9225
9235
8466
9490
9492
9526
9560
9569
9655
9688
9882
9908
9922
9973
9980
10046
10164
10165
10209
10273
9469
10285
10360
10395
10478
10769
10772
10824
10852
10932
11017
11113
8200
11132
11243
11290
11337
11256
11411
11449
11458
11470
11529
11545
11549
11589
11666
11706
11744
11769
11850
9707
11861
5875
11987
11989
12002
12212
12259
12105
12447
12452
12464
12495
12565
12569
12198
12599
12624
12708
8784
9281
11553
7808
12950
13019
13036
12125
13185
13198
13232
13251
13269
13016
13324
13335
10018
13043
13478
13481
13500
13610
13640
13655
13663
13685
13718
13720
12521
13753
13757
12304
13879
13927
13932
9999
14138
13633
14168
7790
14187
13622
14224
14241
14265
7170
12030
14406
14459
14471
14164
14501
14542
14201
14586
14655
5469
14752
5868
13939
14858
14863
14359
14222
14898
14904
14911
14428
15000
15060
15063
13697
14642
12346
15094
9836
15126
11997
11066
12571
11686
12392
15341
15347
8722
15074
10874
15442
13069
15651
15250
2956
15739
10553
13595
15928
14996
16056
2864
22
586
278
921
1094
816
301
1294
995
176
1541
1560
283
1830
1873
1984
2013
2019
2204
2234
2320
2435
2441
2486
2544
2608
2919
2974
3090
3096
2606
3602
2639
3978
4141
4215
4377
4390
4775
4800
4931
5241
5606
5665
4105
5922
5967
5978
6037
6116
5481
6098
6202
6664
4963
6802
6808
6833
6843
6788
6528
7051
7140
7062
7158
7300
7323
5866
7411
7541
7645
7689
7735
1763
8009
8030
6805
8505
8869
8590
8905
9034
9036
9185
9237
9378
9533
9546
9576
9577
9718
4998
7487
9925
3392
9962
5885
10153
10364
10391
10402
10465
10568
10588
10603
10626
10648
10651
10661
10666
10900
11049
11053
11164
11197
11229
3702
11304
11213
11326
4351
7842
11417
11580
11608
11730
11768
8736
11900
11960
12019
5872
12045
12069
12089
12218
12291
12337
12378
12381
12382
12457
12491
12562
12587
12655
11955
12698
12737
12762
12806
12964
2862
13025
13074
5957
13093
11554
4958
13218
13233
13327
12934
13400
13437
12679
13502
13531
13533
13594
13642
13656
13664
13676
10876
13766
13800
13828
13850
13852
13872
12356
13072
13925
13869
13975
14047
14033
14118
14122
10999
12351
14149
14150
14158
14175
14177
13539
14195
14233
14271
14275
14285
14250
14411
14432
12778
14487
14553
14559
2859
14634
10178
13509
12197
14786
14787
14143
13398
14784
14133
14872
10969
15044
15052
14843
15099
11959
15147
15189
13216
14479
12811
10551
15299
15191
11172
15340
13858
12831
13208
10714
15455
8228
15640
14530
12523
12923
9295
15863
4063
10713
13524
16095
15365
15354
7771
16247
564
587
626
1244
1401
1579
1285
1652
380
1670
1251
867
1711
1761
1957
1993
1995
2277
2345
2442
2501
2605
2607
1940
1601
1289
3079
3097
3339
3769
3779
3785
3786
4004
4020
4144
4151
4216
4278
4283
4344
4459
4486
4540
4589
4691
4890
4995
4193
5051
5398
5536
5819
6095
6138
5714
6518
6784
6860
6878
6549
6647
6962
6480
7205
7191
5689
7256
7331
7612
7634
7824
7854
7908
4987
7229
5807
8310
8450
8597
4364
8889
2758
4620
9071
9110
9236
9328
8187
5472
9449
7918
9528
9654
7238
9968
10221
10284
10329
10482
3050
1733
10912
11089
8382
3132
11366
11210
11408
11377
11478
11303
11384
11521
11555
796
11812
12051
10871
12238
12248
12250
12340
12469
12475
12543
12839
12853
12936
12972
9787
13011
11681
6060
13084
4658
13144
13163
13217
13270
12111
10501
13303
12511
11680
13372
13206
12515
11163
13541
13550
13553
12514
11063
13602
13615
13399
13782
7858
13220
14055
13305
14120
12006
13706
14218
14282
14324
14339
14414
14429
14466
14500
14504
14543
14609
14258
13178
14846
5793
14875
14892
14767
13680
13600
15016
13626
15030
14560
14161
15097
15118
459
15176
15216
14299
15101
14910
13788
15248
14592
15285
15370
10005
15026
14961
15484
14426
14581
15621
8198
15625
13047
15349
12904
16235
354
400
445
167
972
1529
413
1573
1744
1685
2008
1990
1161
2402
2423
2453
2583
2805
2837
3012
3115
3226
3340
159
4129
4131
1215
4366
4437
4446
4811
4904
5052
378
5261
5420
5443
5456
5526
5544
5770
5776
5844
2703
5968
1719
6108
6113
6114
6117
6125
6169
6177
6258
6501
6837
6859
2743
6799
7171
7060
7136
6495
6432
7325
5869
3819
7377
7399
7575
7576
7646
7708
6944
8035
8105
8139
8225
8258
8337
8345
8391
8503
8572
8594
8595
8800
8877
5294
4625
8957
8961
9214
9233
9311
9369
9552
9691
9784
9849
9979
5285
10235
10244
10250
10081
10342
9786
10527
10575
10594
10787
10860
11107
11156
11251
11280
10378
11318
11421
4976
11437
11748
3943
11845
5486
11956
9789
12034
12104
12136
12152
6322
12492
12568
5165
12681
12780
12858
12864
12937
9672
11676
12996
13032
13075
5915
13169
13191
13195
13196
13278
13315
13321
11948
13486
13517
13532
13609
11024
8467
12134
13741
13822
13827
12324
12721
12727
13863
7081
14004
10076
14141
9866
14191
8184
13839
4868
14261
14144
14270
14272
14276
12366
8495
14323
14336
14347
7941
14400
14403
14410
14408
14416
9927
14223
7780
14452
8167
9931
8196
14546
12347
14661
13772
13347
7483
10717
14521
2726
12720
13489
15022
15082
15081
15096
8777
15109
14970
15174
15210
15253
15292
13242
15462
8730
13837
15509
15639
2910
15667
12578
15767
13204
11166
4739
15073
7472
14857
14772
15474
13510
15132
442
294
836
1209
1577
1774
1858
842
1966
2011
2038
2275
2316
2346
2409
2414
2443
2461
2492
2497
2519
2538
2572
2901
2938
2945
2967
2976
2154
3986
4013
4156
4241
4252
4367
4420
4464
4504
4688
3126
4880
4924
1133
4932
4967
4997
1248
2047
5124
5185
5379
5435
5529
5600
1811
5768
5827
5836
5842
2873
5962
5977
5976
6140
6141
6159
6168
6182
6542
6917
7148
6956
7669
4192
7914
8002
8079
8085
8297
8561
8600
8612
198
8822
8851
8904
8996
9032
9170
9346
9565
9572
9574
9663
9713
9733
9801
7457
10042
10113
10274
10286
10292
3414
10439
10467
10602
10781
10868
2724
11050
11078
11246
3743
11293
11354
11427
3704
4656
11618
7514
11695
11880
11908
11958
11966
12011
10023
12129
12146
8497
12181
12214
12237
12332
12361
12445
12555
12582
12276
12704
12757
12880
12890
12894
10385
9276
12929
13114
13136
10238
13161
8181
1137
10305
12782
10723
12884
12267
12882
7794
3407
12007
12837
10880
13703
13712
13246
12901
13892
13860
9280
13920
13974
7801
13978
14040
14114
7444
8075
10726
8185
14247
14251
12124
14269
13129
14362
14365
13723
14447
14460
14497
14509
14566
14590
13779
14107
14639
9127
14746
13668
12949
14966
14393
14985
14994
15025
15034
15070
14885
8001
5190
15115
15135
9475
14316
15140
15182
15184
12137
15207
15183
15266
15287
3417
12931
13625
15311
15312
13017
15413
10506
14962
14791
7804
14909
14991
15616
4747
11537
15740
15808
13506
15239
15914
15013
15923
13922
12583
16011
16016
15344
15382
16075
13544
16106
13358
16175
13111
14298
16204
16055
10317
10703
14998
16494
618
928
1067
839
1206
1411
1569
1676
1717
1722
1758
1980
1981
2002
2010
2017
2065
2416
2425
2430
2434
2498
2506
2570
2573
2882
3159
3798
3807
3976
4041
4061
4167
4170
4179
4223
4414
4416
4483
4471
4500
4517
4531
4556
4749
4863
4876
5154
5378
5559
5610
5611
5766
5821
5823
2714
6111
6128
6152
6195
6281
6616
6748
6779
7108
6884
7149
7172
6394
6815
7161
6553
7420
7665
7749
7835
7861
7871
7915
2773
8011
8031
8215
7091
8602
8610
8743
8953
9002
9010
9022
7782
9325
9373
9360
5283
9581
9590
5000
9731
9747
9816
9854
9859
4071
1335
9983
10031
10051
10114
10116
10195
10205
10266
8863
10638
9616
9386
2637
9288
657
10897
10965
10810
11058
11075
2675
11079
5512
11165
8398
11426
11436
11221
11476
8293
11525
11527
3128
11742
11613
11826
11840
11899
12046
12236
11853
12244
12367
12373
12379
12413
12444
12482
12566
12593
12611
12636
12696
12772
12773
12898
9279
12978
13066
10119
13138
12728
7823
13253
12977
12431
13328
13334
13368
12914
13001
13393
13426
13432
13446
13449
13480
13520
3399
13598
3377
13641
13644
12836
13700
13728
13752
13771
7492
13887
4243
14026
14167
14192
7239
14236
13894
12060
13619
14361
14405
14420
14444
14488
13152
14502
14513
14651
14694
14788
14878
14880
4664
12525
14978
13897
15011
15027
15029
14550
15040
15042
10419
15069
11067
15078
15129
15143
15159
9254
15084
12546
10015
13673
14555
8732
15268
7778
15351
14290
15368
12744
9788
15456
15471
15490
4672
1450
15632
1424
14635
13543
15705
1605
15710
6226
13838
10493
10100
13634
15891
13994
15910
5787
14435
15139
14960
15942
5641
9679
16053
14529
12735
16105
15179
3404
10757
14503
16262
1043
1066
1314
1462
1522
1780
1979
1983
1649
1301
790
2253
2424
2510
2516
2541
2567
2087
2947
3077
3116
3256
2696
385
3886
4022
4047
4108
4150
4168
4208
4225
4298
4361
4394
4422
4431
4197
4468
4475
4498
4610
4785
4860
4888
4891
4903
1154
889
5008
5081
3804
5411
5531
5724
5764
5826
5837
5941
5946
6083
6120
6150
6186
6203
6257
6463
6627
4859
7026
7039
7129
6800
4106
6888
6793
7198
6328
7337
7523
7456
7731
7865
7929
7940
6213
8076
8172
2672
7943
8417
8440
4906
8518
8522
8603
8614
8617
8630
8698
8881
7884
6103
8891
8960
9014
9149
7070
8313
6215
9365
4645
9425
9501
9517
9013
9779
9782
7831
10066
10203
3380
10612
10631
10678
10786
10803
10839
10847
10850
10859
10867
10931
7587
11021
11091
11327
11382
11369
11461
11506
11531
11632
11765
11740
11847
11918
12040
12319
12338
10069
12478
12496
12503
12544
12585
12706
12827
12897
12985
12997
13007
13059
13065
13168
13247
13257
13295
13299
13333
12518
12676
13367
11126
7513
11061
13414
5059
8405
7505
13613
13630
13707
13717
5918
13731
13743
13795
13798
13823
13826
13829
13845
12057
13900
9299
13943
10019
2795
14059
14013
5191
14176
14213
14260
14286
14289
14360
14366
14422
14458
14474
8470
14518
13112
14537
5613
14481
14562
13505
14608
4648
14647
4629
13463
14785
14821
14839
14865
14313
14905
14906
14920
13304
15028
15032
5473
10314
15061
14388
13659
9493
8116
15167
15198
11864
15245
15251
15280
13751
12649
15298
15350
15356
13855
15393
9330
14202
15446
4409
15363
15453
15467
14194
15493
14754
14582
13542
13789
13522
15669
2937
7104
15706
14170
15930
15938
15979
15980
15196
15679
13363
10202
15981
16032
12776
15414
15677
14315
15682
16123
2417
15492
15678
15387
12903
12725
13537
14132
6
166
455
478
387
1381
1419
1312
1695
1363
1782
1860
2200
2252
2259
2374
2405
2487
2507
2518
2527
2536
2556
2560
2565
2602
2603
3160
3348
3814
3823
3928
3968
4012
4142
4174
3149
4396
4078
4400
4435
4455
4466
4477
4499
4757
4846
2643
4948
4950
5032
4310
5037
5073
5097
5663
5845
5857
5937
5964
6085
6160
6256
6404
7047
6651
3727
7230
7164
7398
7851
7890
6763
7961
8003
8018
4201
8119
8213
8265
8350
8403
8418
8514
8543
8582
8620
8697
8887
4200
8923
8929
8927
8952
8989
9081
9082
8633
9089
9109
9302
6046
9355
9371
9411
9412
9417
9444
9460
9477
9567
9651
1051
9706
9720
9723
3162
5471
3980
9918
9921
10062
4619
10343
10516
10530
10609
9289
10765
10792
10806
1790
10828
10841
8483
7775
4182
9122
11103
11114
11154
8077
11185
11330
11247
11403
3131
3130
11547
11576
11499
11670
11701
11779
11783
8532
11841
11848
11914
12088
12241
7566
12462
12547
12258
12670
12775
10497
10705
12896
12906
12939
13006
13052
13078
13081
13120
10012
3394
12794
1546
13229
13237
13284
13142
10733
12955
2229
12793
13411
13431
13471
13002
13528
12717
13563
12718
13099
13695
10496
13783
13791
13801
13806
13830
13833
13883
13911
12912
12533
3366
13989
13070
14179
7463
14322
14331
5635
14371
14374
14457
14462
8179
14545
14506
13787
14598
11827
7917
5517
11004
14691
13699
13775
14815
14816
14820
14390
7105
13674
13662
12821
15056
15059
8768
15076
15089
8656
15128
15146
15195
5277
14990
15227
7501
3882
14297
13683
15286
3403
10881
15309
15371
7798
15459
15473
15119
10181
15342
8481
15626
15696
15715
15717
15776
10976
15870
15277
12913
11169
15998
7799
15431
16054
15218
2665
13346
12155
9277
14391
12765
16194
13357
3418
16022
15217
12935
13976
372
876
1082
1171
1290
1640
1658
1781
1907
2026
2205
2323
2460
2584
2600
2908
3243
495
3759
3870
3964
4002
4171
4233
4238
4392
4401
4441
4467
4873
1707
4929
5265
5498
5558
6094
2723
6123
6335
6481
6615
6751
6750
4421
6836
6972
7034
7122
6891
7223
7384
7746
7832
7945
7189
8014
8021
2772
8029
8043
8104
7900
8267
8307
8331
8346
8360
8379
8487
8513
8631
8837
8903
8906
8911
8914
8958
8984
6233
9007
9031
9077
9100
9320
3690
9353
9381
9578
9727
9746
9847
7877
10030
10085
8226
10086
5360
7784
10144
10362
10413
10484
10827
10929
10934
10961
10972
6638
11092
11266
11352
11270
11469
3700
11373
10905
11617
11817
11975
12229
12472
10500
9910
12615
12665
12763
7563
12807
12865
8295
5799
7162
13285
3137
13338
3395
13402
13408
13420
13503
13526
13604
13691
13694
13784
13785
13786
13836
13849
13873
9838
13918
3426
14028
14147
14188
14190
10028
13870
12766
5953
14354
14364
14404
14431
14445
14468
14498
14532
12526
2749
14637
14650
14680
11101
14714
13143
14761
14793
12953
14142
14881
14917
12261
14093
15009
13569
15093
13529
15121
11070
14851
15142
8475
15164
15145
15206
14214
15215
14968
15224
13379
15246
15275
13623
13470
5202
10495
15450
15460
15487
14596
8587
14778
12868
15205
15676
14246
14208
15201
15045
9611
12078
14237
14306
9926
7897
10730
16344
16418
407
452
454
743
1050
1221
596
1256
1756
1897
1253
1994
2006
2018
2188
2201
2291
2427
639
2432
1789
2459
2581
3071
3092
3104
384
1358
3793
4117
4166
4175
4218
4296
4388
4449
4432
3902
4515
4518
1155
4546
4545
4679
4758
4779
4837
4908
2644
4992
5054
2081
5123
3141
5384
5596
5599
5624
5653
5660
5934
6129
6134
6165
6188
6173
6999
7019
7022
7035
7142
6304
6644
7145
7093
7114
7287
7383
7418
7619
7663
7695
7727
7241
6744
7937
7938
7978
7242
8074
1800
7942
8256
8312
8323
8327
8328
8329
8334
8335
8344
8447
8507
8526
8524
8525
8599
8662
8665
6952
7160
4624
8926
8949
8973
9006
9019
9025
9066
9085
9099
9239
3150
9323
4618
9362
9364
9367
9413
8531
9483
9641
9649
9716
9724
10212
10220
10519
4410
7817
10954
10966
1622
10985
11025
11085
11104
11106
11133
11174
11234
11457
7838
11481
11559
11562
2685
11565
11575
11635
11788
11815
11856
12021
12369
12498
12597
12063
10179
12637
8182
12995
4631
13127
13134
13302
13310
10505
13387
13410
11111
13479
13487
10725
10695
13564
13572
9785
13628
13638
13684
3405
13704
11122
13715
11138
7777
9681
13880
13882
13936
13996
14009
14031
14010
14039
14078
5189
9888
5554
9407
14254
7846
5509
14377
5637
14464
8465
13666
2662
14612
2552
14636
14659
14663
14675
14645
14764
14792
14823
14833
14838
14795
8339
14860
14869
14873
14295
14903
10307
14913
14912
14933
14941
14256
14967
14867
8774
15010
14499
13173
8463
15085
14641
15110
13777
13241
10738
12529
15173
14349
13645
15212
10172
15254
15257
15185
15274
15276
15279
9943
13394
15307
15337
12954
12348
13667
13773
15429
15428
2770
11998
14871
15610
15634
13971
15723
15416
2056
15385
15750
645
5080
4270
4930
15876
15885
5578
15905
15684
10312
15075
1439
14136
15934
15951
13653
9125
12870
15638
16026
16046
16059
15602
13024
11167
16078
14440
16124
10744
15058
15232
13991
8740
10513
13179
16206
9684
14436
9292
16231
4642
16237
13570
12530
16265
16268
13307
16178
10946
13990
15373
12886
11986
1069
1313
1567
1653
1786
1869
1964
1977
2000
2003
2004
2007
2082
2203
2314
2273
2433
2514
2520
2532
2587
2612
2616
1690
3091
3781
3787
3826
3935
4155
4275
4305
4358
4454
4488
4489
4496
4521
4520
4554
4560
4584
4597
4600
4612
4726
4786
4848
4952
5033
5068
5496
5516
5525
5527
5644
5664
5732
5756
5939
6127
6148
6163
6189
6502
6831
7063
7224
7390
7407
7825
6821
7867
7904
7996
8022
8028
193
8089
8093
8128
8138
8154
8173
7885
2037
8230
8277
2725
8332
8374
8410
8484
8490
8511
8046
8567
8604
3966
8663
8668
8783
8875
2892
8892
8894
8948
8977
8972
9011
3840
9044
9058
9088
3095
9101
7516
9315
9324
9342
9354
4633
6220
9377
5475
9454
9495
9503
9514
9568
9637
5318
9722
9726
9738
9744
9781
9844
9848
9873
9935
9988
9990
1876
10083
10102
10117
10139
10163
10189
10193
9700
3762
9642
10379
10517
10522
10537
5063
10558
10682
9157
10789
10793
10801
4060
10865
10930
10941
1160
10949
10960
9998
11046
11096
11117
11143
11368
11563
3744
2679
11699
11770
11969
11976
12026
4797
12109
12032
12322
12420
12426
12446
12558
12617
8064
12660
12671
12691
12854
12741
12915
1152
13037
13108
4669
9463
13223
7803
13341
13370
13417
13425
13430
13440
2648
13041
12061
13159
13679
13701
11135
12951
13754
13756
13761
13834
13893
8735
6231
13917
13924
13956
13973
13988
14003
14052
14011
14066
14045
14034
10734
14090
14183
14227
14228
14326
14333
13759
14383
14396
14421
14186
14461
14467
14473
14478
14557
14573
10511
14602
14607
14649
14668
14717
9132
9029
14794
14844
14859
14131
13042
14895
14916
14928
4663
14986
14997
15006
15035
12602
14203
15080
15095
15103
8221
15112
15117
9929
8207
14894
8658
15252
7496
13654
14988
10873
13853
9715
15357
15367
9439
15389
9327
12630
15461
14454
5867
13455
15498
14938
15548
15551
15599
15608
15611
4647
15647
12869
15048
14522
15718
10721
15763
5214
15849
14954
12984
15922
15931
15953
15996
15997
7461
16013
14443
16058
15364
16076
16077
7244
14897
16100
2982
16131
16136
13921
13755
15728
10712
16232
14159
12916
16243
13514
16266
10741
16325
9286
15014
14369
16342
16462
15233
16472
16479
16484
16191
13877
14494
15896
16604
10509
710
861
922
1237
1240
1388
1407
1699
1783
1785
1788
1862
882
1967
1992
1996
2256
2404
2419
2420
2438
2454
2491
2509
2521
2530
2531
2535
2549
2575
2834
2881
2880
2894
2913
3081
3146
3158
3871
3885
3916
3973
3989
4064
4069
2635
4162
4177
4267
4277
4391
4417
4427
4453
4452
4445
4481
4508
4519
4524
4534
4548
4553
4569
4581
4198
4613
4730
4875
4914
4922
1618
4928
5094
5099
3888
2078
5159
5199
5371
5382
5448
5499
5523
5617
5618
5633
5806
5999
6071
6086
6133
6151
6153
6170
2979
6175
6192
6193
6198
6516
6520
7018
7044
7046
3674
7519
7537
7687
7740
7757
7852
7903
7902
7916
7955
7956
7204
7981
7992
8006
5696
5064
4628
8206
8308
8309
8333
8347
8348
8375
3904
2172
8512
8523
8529
8542
8580
8596
8632
8750
8787
8824
8872
8885
8907
2704
8930
8983
9009
9030
9042
9063
9065
9156
9305
8048
9318
9131
9375
9376
9416
9751
9759
9762
9891
9972
10106
10103
10122
10123
10151
10156
10208
10341
2046
4616
10404
10474
10518
10655
9258
10796
10890
10945
2748
10952
10997
11098
11105
11460
11485
11420
11541
11544
5001
8642
8886
11471
11700
11761
11797
11798
11799
11894
12043
12180
12506
12548
12551
12554
12596
10503
12863
12967
12979
13005
13031
13034
13062
13101
2533
13121
13267
10740
13287
13290
13300
13331
3386
13371
7781
13392
13405
13413
13427
13439
13447
12803
13575
13576
13678
7962
13709
13721
13765
13780
9406
13820
13842
13847
10546
13902
13944
13954
13980
13982
13986
14005
14008
14030
11634
14036
14049
14002
14068
14079
14070
14082
14119
14123
14137
1614
9333
14242
14248
10992
14356
14379
2954
14465
14472
14485
14493
14538
14567
12642
8061
795
14615
13818
14704
14710
14727
14730
14692
14740
14744
12948
14449
14822
9896
12734
8202
4828
14887
14907
14944
15015
15066
15107
15113
15150
15154
15169
14837
14134
11168
15190
15024
15209
15225
15262
15270
7792
13090
15300
15304
14291
15369
4954
15408
13160
15452
15457
12988
15505
15514
14097
15536
15554
15615
4737
12777
15668
2469
15726
15680
15799
15852
15864
15874
15906
15352
15956
15983
11496
16008
14294
16015
8738
16027
16029
2638
2215
16048
7436
12358
1141
12282
12029
14155
8060
13118
14234
16181
10422
14304
15162
16238
13903
13468
16279
16282
15932
16355
16354
16437
15501
10017
168
906
1386
1570
939
1998
2063
2182
2199
2243
2400
2446
2447
2477
2503
2524
2590
2594
2611
647
2965
3749
897
3809
3838
3761
3965
4164
4221
4240
4299
4302
4303
4359
1467
4402
4469
4487
4492
4501
4510
4549
4550
4586
4594
4596
4601
4915
5031
5100
5107
5110
5162
5534
5557
5556
5555
5571
5572
5888
6092
6115
6119
6121
6137
6135
6162
6939
6978
5240
7826
7901
7913
6733
7983
7984
7993
8012
8040
8042
4244
8224
8325
8336
8420
8485
8491
8515
8517
8568
8573
8627
8888
8908
8912
8928
4186
8956
8975
8976
8981
8986
8997
9001
9004
9023
9028
9038
9053
5247
9056
9073
9078
9093
9152
4999
9359
9486
9504
9628
9650
9719
9742
9748
9845
10084
10089
10104
10127
10194
10345
10358
9139
10540
10584
10798
6238
10891
10920
10919
9480
10126
11095
11097
11108
11152
11364
7843
11212
11539
2700
5671
7484
11642
11651
8657
11766
11764
11780
11805
7987
11837
1851
11940
11950
12118
11141
12553
12856
13033
12394
13056
13061
6221
13171
13188
13211
13228
12871
8727
13403
4202
13409
13428
9012
13450
13495
13501
9682
13677
13840
12732
13945
14024
9113
14076
14173
14235
14288
14385
14455
14470
14575
9395
14611
14652
14656
14666
14695
14697
14705
14709
14712
14688
14720
14734
14737
14108
14747
9396
9124
14758
14760
11954
9401
14800
14809
14826
14827
14829
14828
14830
14831
14832
14835
14864
14877
2712
14935
6235
13364
15019
4748
15122
14305
7876
15133
15180
11536
5485
15264
13875
14303
10724
15302
15321
15322
3820
8767
15374
15381
9846
15433
15451
9612
15468
15472
15504
15519
11028
15530
15540
8057
6239
15547
8742
15017
11535
15624
14212
15425
14483
10420
4462
15687
10702
12820
15699
15703
15707
15708
15749
15760
10977
15797
15765
15865
15875
14624
12723
15939
16003
10512
2671
15178
15445
14387
10504
15062
10959
10223
9841
15629
12092
16234
15208
16200
3378
7810
16275
14091
16296
16318
16319
16350
16370
4678
16413
16442
15689
11852
13930
16210
16552
16590
838
1693
1941
2014
2186
2462
2508
2528
2545
2547
2548
2564
2601
2893
1734
3751
3795
3896
3901
4044
4062
4110
4399
4447
4448
4434
4472
4474
4516
4570
4579
4588
4689
4279
4966
5041
5045
5085
5357
5569
6090
6158
6174
6185
6503
7024
7131
7827
7888
7925
7950
7057
7995
7527
8034
8037
8326
4415
4070
8402
8509
8055
8575
8623
8915
8922
8925
8980
8994
9015
9026
9061
9057
9069
4627
9104
9107
9151
9155
8530
9321
9352
9481
9498
9502
9656
8901
9725
9730
9741
9756
8778
9843
9892
9951
9960
10566
10619
1166
10856
10861
10889
10940
10971
11009
11011
11012
8399
11398
8563
11546
11616
11782
11816
11962
12041
12591
12654
12701
13054
7934
13122
13133
5794
13255
12520
13340
9473
13418
13419
13422
1431
12990
13556
13578
13724
8177
13821
9273
13908
13947
12273
14032
2633
14274
14345
14486
14519
9778
14579
14646
14658
14677
14684
14685
14700
14702
14711
14726
14098
10125
14866
5279
14937
14200
13768
15104
15138
13388
15241
14993
15297
1142
15325
15335
13377
15353
15359
15407
15438
13205
15469
6222
4190
15533
7805
15604
15618
15619
15065
15650
7836
15605
15685
14480
15482
15219
15748
8902
15770
15771
15777
8588
15780
15848
15853
15861
10216
9638
15479
15927
9370
16007
15203
15228
1580
8659
9636
16049
15177
14514
15868
15503
10182
16173
16341
11933
12270
12056
16352
16461
12666
13607
449
1074
163
1724
1729
1861
1969
1987
1988
1991
2001
2005
2015
2020
2021
2025
2061
2096
2193
2368
2389
2493
2499
2511
2513
2515
2526
2553
2577
2585
2617
174
3082
3824
3837
3974
3975
3991
4053
4112
4118
4139
4152
4158
4161
4163
4203
4204
4276
4301
4306
4308
4479
4484
4523
4558
4583
4755
4933
4934
4989
5034
5039
5048
5050
5161
2659
5500
5502
5503
5507
180
5570
5574
5615
5625
5645
5661
5909
5908
5910
5911
5920
5925
5944
5965
5990
6003
6081
6087
6084
6088
6089
6132
6136
3046
6504
7006
7536
7539
7686
6729
3790
7953
7997
8020
8039
8044
8137
8208
8305
8320
8376
8407
8486
8508
8516
8519
8569
8574
8577
8576
8578
8585
8607
8609
8186
8870
8871
3936
8917
8924
8954
9000
9005
9024
9050
9076
9153
9304
9303
9310
9312
6207
9314
9348
4637
9358
9372
4512
9379
9410
9415
9414
9531
9639
9693
9694
9695
9714
9728
9743
9749
9717
8782
9869
9870
10108
10109
1875
5969
7819
10229
10257
10338
10346
10348
3971
10440
10554
10555
10556
8634
10761
10763
10764
10790
10794
10797
9385
10887
10888
2628
1731
10914
10916
10922
10947
10950
10951
10957
9479
10963
10982
10991
10371
2673
7013
11030
11035
11036
11060
11077
11081
11082
8935
11083
11084
11088
11090
11100
11128
11144
11145
11146
11148
7173
6530
11482
3747
4185
11538
11557
11558
6246
11564
11581
8945
11584
11625
1706
11636
11637
11638
11643
11644
11647
11650
11693
11464
11777
9768
11781
9114
11785
11786
11787
11789
11796
11802
9771
11838
11849
11889
11916
11965
11500
12050
12183
12246
12480
12536
12537
12552
12618
12644
7474
12855
12973
12998
12769
13115
13117
13119
13181
10007
13184
13272
10022
13373
3425
13404
13412
13415
13421
13424
13434
3419
13493
5949
5538
13891
13901
13912
13940
13942
4665
11811
9383
8373
13997
2729
14016
14022
14071
14074
14075
14077
14080
13758
14125
12797
14193
8205
14278
14328
14363
14367
14373
9392
14424
14433
14463
14535
13009
14544
10013
14604
14605
14610
14613
10993
14644
14648
14653
14654
14664
14665
2663
14676
14674
14698
14736
14763
14780
14798
14801
14802
14803
14807
14812
14813
13091
8282
5067
14902
14923
14925
14927
2677
14939
14940
14105
11734
11153
15023
15111
14296
463
15130
15125
13102
5871
15263
13859
15238
15222
8191
2174
10492
15303
15315
15330
15338
13151
14539
8318
15437
15439
15440
15441
15465
15491
5483
15496
7243
14046
15523
15522
15531
15542
15544
15549
15552
1735
5905
10297
13513
10026
9340
15383
15636
15642
15644
15648
15649
10415
15688
15712
15163
13711
8284
15745
2691
15751
2666
15769
15772
15788
15791
10935
9763
15862
15877
15880
15883
15884
15887
15892
15900
10746
8478
15915
15918
14482
15366
15940
13588
8201
2645
9489
15960
4072
15985
3812
15986
15994
15747
15663
16009
16010
5796
15607
3825
16033
16034
16044
16045
16050
14140
16051
6206
15086
12866
14549
16068
16072
16079
9301
10729
16096
15079
16113
10896
9850
2775
16132
16133
8640
4030
16144
10756
16176
16177
16179
15695
7818
14204
15697
10328
16183
12991
1553
16185
16186
16192
15283
16199
12713
16202
16209
15588
13672
16211
16212
16215
16218
16219
7919
14948
16220
16221
16226
12724
11836
9683
9842
13180
15447
15384
9894
10177
16230
10700
14594
15464
16244
15606
13153
15609
16201
10417
16274
15230
15152
16287
5891
6230
16290
16292
16293
14106
8358
16306
14576
13250
3970
5803
15700
16326
10749
14317
16335
16338
15971
7488
14561
15977
16371
16385
16424
16425
16426
14094
16242
9791
16440
16441
8895
16457
16456
16321
16165
4111
16459
16460
16463
16197
16473
14425
16476
16477
8539
16485
15825
16487
16488
16489
16496
16498
16512
15434
2106
11569
16513
16233
16514
16517
16519
16522
15913
15064
11684
16525
14980
14777
8220
16528
16532
15832
11013
16542
15362
16550
16551
16012
13857
16195
15306
15234
13507
5077
14856
12306
10549
15617
16557
13355
15194
12658
16563
16566
16052
16057
16575
12027
11752
16596
16598
12330
16600
15295
13068
4413
15661
5278
10878
16614
15581
1292
1668
1681
1696
1694
1698
1700
1728
1732
1826
1859
1892
1975
1978
1982
1997
1999
2009
2012
2023
2024
1191
2064
2187
2264
2313
2401
2472
2476
2480
2484
2490
2517
2525
2542
2566
2571
2578
2582
2613
2939
3049
3056
3069
3073
3074
3078
3767
3827
3877
3930
3963
3969
3988
3925
3990
3992
3993
4008
4015
4024
4021
4065
4068
4121
4136
4148
4159
4169
4172
4205
4263
4379
4403
4436
4440
4456
4473
4478
4494
4497
4507
4522
4526
4528
4532
4537
4542
4551
4552
4564
4565
4572
4573
4575
4577
4578
4580
4590
4591
4599
4598
4603
4606
4615
4756
4759
4763
4918
4919
4947
5035
5047
5095
2033
5096
5101
5102
5103
5104
5105
5109
5113
2032
5157
5160
5163
5164
5197
5506
5508
5524
5567
5573
5648
5656
5938
5961
6079
6096
6097
6101
6105
6112
6118
6124
6142
6143
6149
6157
6164
6171
6178
6180
6181
6184
6191
6196
6199
6200
6832
7020
7029
7043
7045
7052
7833
7887
7905
7910
7912
7935
8007
8008
8049
7120
3874
8229
8299
8301
8302
8304
8319
8321
8324
8400
8408
8414
1806
8501
8504
8506
8510
8545
8571
8581
8583
8605
8613
8616
2658
8624
8648
8647
8651
8664
8711
7128
8909
8919
8920
8947
8959
8641
8974
8978
8982
2751
8988
9003
9008
9016
9021
9027
9033
9035
9039
9040
9047
9051
9055
9059
9064
9072
9083
9086
9096
9097
9098
9103
9108
9106
9249
9308
9316
9319
9322
9347
9349
9351
9366
2734
2653
1909
9482
9500
9499
8936
9632
9692
9696
3924
9697
9698
3887
9704
9708
9721
9729
9734
9735
9736
9737
9740
9745
9753
9754
9755
9760
9761
9877
9890
9917
9938
10105
10112
10124
10187
10186
2909
8951
10243
10264
10331
10332
10337
10340
10344
10347
4985
10351
10352
2034
10354
10355
10356
10357
10359
10380
5576
10469
10785
10791
8898
6223
10799
10802
10805
10807
8584
10892
10953
10958
2610
10989
9635
11008
7076
2794
11015
11031
11033
11034
11071
11072
11076
11080
2720
8941
11093
8294
11102
11131
2746
11409
11484
8392
2080
11540
11399
11556
11561
11560
11574
11573
1890
11578
11582
11583
11627
11633
11640
1703
11646
11648
11488
11763
11775
4632
11794
11801
11803
11818
11495
11828
2655
9420
10690
12162
12549
12957
4076
9287
13348
13375
13046
7507
13406
13407
9770
13416
2667
11026
13436
13441
13442
13444
13445
13469
10967
13473
13476
11778
10754
4188
8059
10936
13794
3057
13906
13590
4667
13946
9393
13948
2690
13949
2680
13955
2708
13957
2755
13998
13999
14007
14012
14014
14015
14018
14017
14023
14027
14035
14038
14043
14044
14042
14051
4623
14053
14056
14057
14058
2727
14060
14062
14064
14063
14065
14067
9893
14154
2044
5577
14257
14327
14380
14417
14451
14534
14554
14597
8660
14599
14600
14603
14255
10521
14616
14638
5513
14662
14669
14670
14672
4073
10349
14681
14682
14689
14693
14708
14716
14723
14724
14733
14735
14104
14739
14741
13814
14742
14748
14749
14751
14759
11675
14782
14799
14804
14806
14808
11110
14810
14818
14819
14824
14825
14834
14836
13995
14850
14852
8645
14854
13636
14914
14915
14921
14922
14924
14926
14929
14930
14936
4649
14942
14945
14946
13209
12062
15055
15155
15151
8222
15220
15226
15242
15244
15260
15267
13354
15294
15296
14855
15320
15327
13725
15334
8876
14446
2786
15399
15402
15405
15426
15435
15284
13649
15480
15483
15506
15507
15510
14949
15516
15518
15527
15529
15539
10820
15049
15543
15550
15555
15556
15598
4910
14238
7806
9677
11566
15643
15646
15390
15654
15653
15655
10168
15415
15701
7974
15567
15711
10197
15714
13457
8900
2766
15721
8943
15724
15741
15742
15743
8231
8355
15755
15754
4199
15761
8896
15778
15782
15590
15785
10975
15794
15795
15796
9399
15801
15804
14629
14100
15850
15851
15854
14563
15873
15878
15879
8635
15814
15888
15889
15585
15899
15901
15902
12680
15907
14292
1430
9777
3102
8053
15946
15950
8991
15962
15973
15974
15990
15831
15995
15999
16002
16004
16014
16017
14319
16023
15612
16024
16025
16036
16037
16038
16060
16063
5027
10884
4911
16084
16085
14618
16087
15859
16099
16101
16103
15744
16107
15869
16115
16117
6210
15563
16122
16125
16126
15560
16128
2754
16129
13316
16135
16137
16138
16139
16140
16141
16142
16143
9119
7588
13396
16174
10025
15933
13552
11027
16190
15628
8771
2731
15229
14309
5194
9270
14515
16222
13382
10429
14084
15871
16240
7460
14890
16252
16256
16254
16263
15489
12994
8773
16171
16270
8072
15223
14172
5623
16272
7820
10325
14969
10784
16280
13895
16281
16069
16283
16286
16288
13451
16291
15965
8070
16294
13125
16297
16311
8066
13515
13738
16324
11690
16328
16331
16334
8592
16336
13819
16348
16349
16351
16353
16356
16357
3087
16358
16359
16360
16361
16364
16366
16367
11149
16368
16369
16374
16375
16377
16380
16382
16383
16384
8661
2759
16386
10561
14153
16389
13460
16392
16411
16412
14083
15572
16419
16427
16428
16432
16435
16438
16445
16422
16448
10894
16458
10819
14110
9387
1822
12956
16475
16480
16483
16465
16486
16491
16492
16493
16495
16511
16506
14312
16523
14547
14476
16553
16555
16562
2761
16569
11494
16570
16571
16573
16574
16579
16582
16583
16592
16595
16597
16599
16601
16602
16603
16605
13275
13899
15161
15136
16241
16612
1784
1965
2022
2166
2315
2505
2557
2563
2596
2597
2683
3155
3765
3835
3927
3929
3962
3977
3994
4010
4018
4146
4165
4220
3151
4398
4460
4476
4480
4482
4491
4495
4505
4536
4538
4539
4555
4562
4574
4576
4593
4605
4609
4767
4833
4905
4917
4920
4916
4921
5042
5046
5098
5106
5108
5111
5112
2049
5442
5560
5568
5575
5616
5619
5620
5646
5647
5662
6073
6082
6100
6130
6146
6147
6166
6176
6179
6204
7021
7137
7522
7951
7966
7977
7985
7994
8000
8010
4602
6232
8133
8311
8492
8527
8608
8618
8628
8649
3997
8686
8779
3802
8781
8893
5686
8910
8913
8916
8918
2670
8987
8992
8995
8998
8999
9018
2718
9043
9046
9052
9054
9060
9067
9068
9074
9075
9079
9080
9084
9087
9092
9102
9105
9150
9154
9344
9356
9363
9368
9380
7095
9542
9545
9584
9732
8528
9752
9758
10040
10107
7240
10190
10191
10198
10336
10350
2031
10361
10363
10658
10762
10788
10795
10808
4189
5121
10921
10689
10942
10943
10955
9895
10974
10978
10984
10995
11006
11007
6236
4651
11099
7116
11483
11522
11572
11628
11641
3841
4592
11804
11839
11842
11843
12033
12619
1153
13113
13116
11806
6243
10077
8737
13423
13429
13433
13435
13443
13448
457
13682
12603
13889
8054
13907
13950
13953
13981
14019
14020
14025
14037
14041
14061
8494
14160
14180
14402
14415
14418
14601
14614
14660
14667
14671
14673
14678
9133
14686
14687
14690
14696
14701
14699
14703
14706
14707
14715
14718
14719
14722
14728
14729
14731
14732
14738
14743
4670
14745
14750
14755
14756
14757
14765
14805
14814
14817
8286
14853
14868
14919
14932
14943
14245
12266
15158
8056
15186
11140
15318
15323
15332
15333
15336
15339
15375
10230
15376
15395
15401
15403
15404
15410
15421
15422
15430
11626
15466
15481
15508
15512
5040
15513
15515
6211
15520
15521
15524
15525
15526
15528
9147
15532
15534
15537
15545
15546
15553
15596
15645
4836
15713
15716
15719
4646
15050
15753
15759
15762
15773
10192
15779
15781
15783
15784
15786
15787
9595
6214
14769
10811
15792
15793
11570
15798
15800
10895
15802
15805
15806
15807
2745
4380
15867
14776
12952
14209
15944
15949
15310
15952
15954
15958
15959
15961
8065
15982
15810
15989
16001
16006
16021
16035
16041
16042
16043
16047
7245
9300
8739
16091
9633
14725
14908
16098
1792
7979
16108
16111
16114
16116
16120
9409
16130
16134
6228
16145
16172
14842
16182
16189
13350
13089
11808
16224
13049
16229
14293
12770
10424
15623
16253
16257
16259
16255
16264
15165
7503
15935
15936
11511
9389
16289
15361
8636
12887
16295
16308
16313
15821
16315
16317
1163
16320
16323
16327
16329
13960
16362
16363
16365
9764
15558
16373
16376
16378
16379
16387
16388
16390
16391
15857
16415
16417
12715
16436
16443
16447
16450
13984
16470
16481
16490
16497
16071
4055
16529
16531
16534
16543
12126
16548
3427
16561
15670
16572
16576
16577
16578
16580
16584
16585
16587
16588
16593
16591
1849
12534
16611
1986
2027
2217
2371
2370
2546
2586
4017
4457
4509
4533
4559
4571
4607
4762
4877
5038
5049
5535
5566
5649
5666
6093
6131
6139
6190
6834
7023
7584
7834
8005
8016
8041
8136
8500
8520
8598
8615
3070
8629
8646
8921
8970
8985
9090
9091
9309
9306
9317
9350
9361
9374
9478
9594
9739
6242
9937
10353
10768
10800
10983
8352
1219
9120
11513
11372
11579
11758
11772
11773
11790
11792
11793
11800
11844
11857
12065
13013
8067
10917
5914
13941
13951
13952
13970
14001
12271
14430
14617
14657
14679
14713
2620
13254
14918
14931
13888
15259
15331
15100
15400
15436
15475
15517
15535
15620
15652
1801
15600
15722
15725
15727
15752
3083
15774
15775
15790
15820
15881
15882
15890
15945
15947
15948
15557
15955
15984
15987
15988
5120
16005
12308
16031
3388
13749
16086
15872
16110
13581
9793
16187
14185
13141
16223
16227
10926
6208
16258
16260
16261
16267
8285
15077
16273
16277
11964
8356
15691
15486
16330
16340
16372
2732
16381
16414
16416
15497
16446
16449
16028
15827
11795
14300
16536
15943
16343
16505
10381
13147
11147
16097
16581
16586
16589
16594
9712
16609
16615
16616
780
2054
2165
2467
2470
2479
1315
4430
5036
5155
5597
6002
6925
7147
7866
7954
7969
8025
8159
8601
8696
8890
9094
9307
9326
9341
9345
9418
9705
10231
10915
10973
10990
11005
6892
11014
11512
11639
11645
11791
4077
13585
8589
14484
14520
14606
14766
14811
14847
14934
2722
15124
15261
15317
15316
15319
15324
15326
15328
15329
15396
15406
15423
13650
15656
15709
15764
15766
15789
15803
2591
15886
15903
15444
15021
15957
4617
13937
16000
16090
7500
15568
15131
16228
16245
16248
16073
16251
13969
15920
13071
12080
15937
16345
16410
7528
16429
16430
14574
16434
16276
15836
16474
16549
10766
16606
15916
16613
