1075
1513
1904
1720
2816
4092
4754
5207
5312
6580
6365
8131
9168
9903
7478
10441
8474
11274
2626
11709
7829
11876
12336
590
1117
1184
1198
3539
4941
3353
5745
5861
6021
6935
7280
8099
9207
9496
9984
2874
11320
42
130
246
370
634
693
1093
791
1491
1954
3512
3766
3953
4294
4801
5373
5752
5755
5986
6508
3689
8679
9458
10665
11345
11612
13389
5901
86
397
435
781
486
991
1328
2269
2970
3207
3212
4255
4723
1665
5848
6015
6723
6772
6847
7747
8111
7763
10409
10541
9886
674
1199
935
2331
3270
3606
4686
4794
4953
5177
6476
461
7334
7853
2863
10449
1951
11655
12038
12362
12412
10416
227
434
851
1307
1737
3267
3304
3576
4322
1574
6686
7419
7544
7598
1879
8764
9658
5351
2857
11814
5800
13484
13608
117
359
420
685
1461
3240
3892
3950
5419
6415
1916
6512
7254
7629
1877
10010
10545
10685
11222
11600
11910
3364
10180
7480
132
358
427
702
776
1535
1816
1953
2124
2209
2973
3054
3186
3525
3648
5846
3715
7175
7366
7700
10620
57
120
497
305
629
797
1099
1281
1295
1903
2158
2238
1447
3003
3199
4795
5230
5270
5601
5988
7754
8107
8249
9188
9428
9659
10035
3398
9255
11236
10316
12168
12485
12120
112
225
239
242
1128
1542
2297
2359
2997
3315
4257
5926
5995
6345
6460
6423
5147
7542
8681
7773
9186
10400
10075
10987
8964
1620
774
1036
2132
2800
3329
3454
3503
4265
4681
2624
5366
6388
6410
5149
7745
5940
9543
9583
10377
5545
9687
13063
207
345
849
1483
2202
2457
2904
3327
3508
3777
2856
4842
5299
5522
5733
6803
4854
7681
6326
8370
9221
9591
10653
10662
7453
10699
8797
10039
12257
18
216
240
557
1207
1319
1494
2375
3022
3173
3489
3493
3952
4048
5628
6386
7248
6052
7403
7638
7924
8803
8809
8820
10486
11204
10315
11001
12296
11774
12787
4824
1055
1062
1414
1353
1336
2319
3107
3195
3476
3513
3517
4023
4764
5286
5363
5632
6523
6895
7285
7753
8245
8292
9640
7760
10459
10481
10608
12371
5588
10011
12274
13562
483
1493
1512
3229
3260
3488
3582
3620
3895
3946
4038
4962
5091
5130
5336
5707
6270
6519
6769
7751
3391
10851
11043
11189
8562
11629
12094
5195
9821
7452
61
33
172
1102
798
423
1506
1886
2292
2808
1808
2924
3052
3055
3460
3465
3538
3637
3139
5088
5153
2623
5328
5403
5862
6012
6449
7264
7396
1151
8298
8807
5465
7437
9805
9883
1550
8281
11858
11985
12287
12292
4320
7857
12302
3358
264
1054
1227
1643
1815
1894
2090
2372
2803
3197
5200
6264
3678
6467
819
6911
7927
8747
3373
9445
11275
11286
12116
11929
1479
12327
14225
13589
15037
704
947
1804
2809
2824
3300
3569
3649
4777
5134
6019
6358
6408
3695
6601
6941
7696
8123
8152
4867
8365
7783
10079
10595
1950
10667
5291
3374
5873
12816
13264
11977
12574
14346
418
760
915
1103
432
1348
1398
1403
2968
3603
3617
4043
4090
5462
5541
5579
5924
6283
3738
6689
5972
6718
3717
3734
7319
5493
7729
7848
7895
8359
9162
9211
9181
9802
6040
10036
10262
11211
11387
11390
12559
6050
12668
135
199
577
661
666
845
874
801
1267
1589
1868
2091
2811
2823
2966
3249
3441
3645
4793
5082
5217
5249
6284
6330
6556
7313
7652
7922
10246
10668
5598
11710
11833
12354
12083
8190
24
189
624
630
494
595
1196
390
379
1434
2267
2933
3550
3564
4094
4778
4783
4798
5173
5232
5539
5927
6586
3722
6685
5224
5369
8073
9532
9940
10055
10130
10287
10630
10645
9462
8458
11054
11305
11892
9296
11921
78
754
1638
1898
2167
2258
3310
3514
3560
2249
4091
4219
4418
5083
5181
6290
4858
6444
7138
7549
5864
8422
8672
8758
9228
9667
9804
5798
11051
11059
5349
11463
11711
11924
12408
3365
11925
10510
9613
13086
11631
97
343
366
668
1306
1391
2849
3307
3981
4563
4840
5218
5642
5693
6022
6064
6568
6478
6624
3723
7338
7361
7732
7926
8261
4274
8879
9164
7764
9861
9975
11235
11336
4211
10737
11830
11896
10313
12
32
1086
1106
1195
1673
1765
2190
2197
2963
3181
3271
3583
2227
5132
5310
5680
5735
5778
6254
5718
6292
6848
6893
5788
7397
7402
7705
8109
8437
9644
9936
9942
11220
11252
4231
5342
11713
4831
9278
12428
12842
13008
13326
13530
12272
110
63
569
737
925
787
1357
1537
1645
2233
3219
4925
5013
5259
5260
5329
5706
5903
3699
6588
6798
7314
7347
7602
7616
6044
7741
7869
8702
8796
9468
9521
9956
10390
10461
10479
7859
7103
3382
11194
8394
11715
11733
4735
12141
12473
9930
342
649
773
1608
1746
1960
3511
3572
5295
3867
5897
6031
6057
3033
6331
6356
7030
5304
7311
7972
8120
8821
9332
7772
8857
5353
11203
4977
10014
11934
12421
249
393
733
681
827
988
1262
2819
3004
3187
3574
4080
4374
4787
4913
5086
5206
5208
5943
6566
6810
6734
7225
7312
8690
8703
1148
8965
9871
10078
10399
9840
10671
9776
7508
9828
9573
152
212
262
314
508
540
280
1742
1813
2145
3072
3172
3483
3578
3663
4852
5400
5749
3248
6561
5368
7176
7719
8127
9525
9589
9939
10258
10270
10660
9928
2929
11448
4733
6025
12245
9837
7517
866
1113
1478
826
818
1689
2067
2198
2350
2352
2241
3434
3610
3616
3760
3782
4123
4268
4373
1162
1621
4969
5439
5629
5697
5880
6354
6429
6930
7636
8708
8790
8798
8842
9823
8203
11550
7944
12205
11884
10065
13494
416
451
285
566
846
1020
1057
1183
2113
3014
3025
3314
3662
4254
4706
3031
5231
6007
6279
3042
3687
6970
6400
6574
7568
7589
8147
8446
9441
9775
7467
9985
10134
10215
10239
10632
11206
11307
11405
5958
11951
11991
12024
12107
12170
4285
12299
11983
13053
5954
12672
8194
40
210
274
684
911
1276
1455
1485
1565
1766
1866
1900
3169
3523
4700
4776
5015
5258
5424
6017
3908
6286
1963
3716
3726
5235
6650
7101
7706
7728
7627
8674
8280
9620
10272
7485
10591
10600
10774
2212
11543
12211
12312
12397
7766
12605
12510
12764
14199
138
499
694
758
777
600
1088
1661
3607
3665
3937
4079
4940
4973
5722
6437
6691
6865
6918
7099
7150
6426
8423
9447
9516
9579
9880
9897
10142
10249
5476
10322
10020
10981
11324
3912
12320
8852
7856
12974
3357
13781
721
808
916
959
1317
815
2125
2152
2307
2812
2839
410
4035
4705
4760
4782
4898
5205
5250
5331
5203
6009
6655
6724
6569
6818
7556
8176
8263
8419
8723
9987
9996
10445
3745
11915
8095
3400
11171
11930
10074
13979
14146
148
334
843
1346
1268
1514
2114
2127
2983
3011
4376
5425
5994
6540
5971
7326
7346
7620
7928
8439
10043
10656
10715
11595
11596
11674
9974
12310
12623
12751
12908
12325
12275
14226
43
144
311
402
426
489
729
738
304
1377
1527
2060
2807
2912
3252
3585
3816
3926
4980
5017
5220
5423
5585
5775
6385
6412
6513
1139
6053
7894
8819
9814
10407
10526
10565
3883
11042
11045
11231
5348
11362
7830
10968
11757
12012
12195
1175
12403
10004
12501
12528
12673
12684
10176
7535
12859
13051
12588
14151
177
1264
1331
878
1776
1817
1835
1919
2093
2271
2917
3624
3651
4327
2226
4752
2105
5314
5828
5843
6487
6749
7089
7581
7607
7625
7683
7682
9163
4232
9592
9955
10041
9465
10586
10590
11047
11890
12149
12628
5959
12742
13807
14166
341
382
951
1257
2595
3264
3326
3469
3642
3650
4217
5014
5251
5627
5933
6267
6453
6505
6477
3682
6641
6840
6355
7146
4889
7302
7404
7415
8092
8244
8454
8677
8689
8749
9556
8854
10167
10621
9604
10633
10988
11400
11945
12039
12131
12091
12315
12386
2108
12629
226
563
708
750
1229
1232
1727
1824
3209
3613
1759
2707
4334
4731
5133
5428
5767
5810
6364
6375
6295
6709
7010
6634
6640
7293
7315
7685
7692
7765
9624
10097
10129
10131
10138
10276
10403
10309
10585
10304
10909
10727
11385
11606
12243
12172
12383
11949
464
12895
13080
10548
5010
123
556
673
744
592
971
1197
1473
1492
1584
1641
1751
1924
2504
2918
3020
3201
3282
3346
3880
4128
4789
4843
4869
5012
2697
5780
3387
6576
6622
6667
6727
6713
6796
6440
7214
7332
7408
7416
7640
7714
8130
8847
9230
9558
9820
9992
10293
11282
2213
11653
9825
11873
11903
3396
12138
4744
12289
12622
12626
12852
12987
1878
2
237
628
703
789
1008
1625
792
1893
1931
1933
2180
2802
2840
3019
3200
3263
3788
4173
4345
3051
5229
5440
5769
5982
6187
6361
6707
6824
7098
7276
7304
5292
8559
8680
8710
9818
4743
10389
10463
10670
4978
11518
10240
11728
11879
12230
12414
12434
12443
12455
12486
12920
7807
9839
13319
13384
13722
7789
14569
12095
215
860
942
1228
788
1895
1939
2095
1721
2283
2950
2993
3223
3463
3852
3854
5321
5407
5854
6029
6315
6368
6414
6471
6539
3862
6976
6991
6904
7552
7660
8096
9179
3385
9857
2877
9919
9252
10260
10577
10596
10605
11022
11339
11346
11716
8477
12759
12801
12961
9997
9402
14121
46
267
307
184
1014
1239
1189
1413
1500
976
1887
2537
3024
3312
3594
1468
4287
4329
4582
5076
5236
1543
5717
6441
6596
6598
6597
6775
6910
6635
6966
6983
7320
7546
8103
8211
8235
8684
9423
10204
10233
10437
10468
10775
11019
11057
11178
10299
12004
12185
7958
10306
5211
12625
12139
11532
13085
13511
9596
114
206
218
277
315
322
470
580
582
764
778
954
990
850
1844
2949
4176
4790
4799
5747
5987
6506
6557
6618
6963
6981
7125
823
7294
7388
7526
8255
8826
9244
9524
9550
9586
9949
10255
10681
5343
11244
11360
11402
11528
11433
11000
12252
4821
13369
12580
13519
7769
3166
13730
13831
69
96
371
762
607
905
896
1041
1061
1340
1343
1297
1568
604
1354
1955
2159
2230
2317
2333
2337
2367
1791
2445
2444
2843
2923
3335
3584
3593
3633
1799
3878
3982
4721
2688
5307
5630
6392
6379
6517
6543
6813
6637
7016
7028
7212
7273
7362
7370
7385
7578
8155
8188
8655
9229
9212
9438
7466
10267
10281
7721
10580
197
11347
10183
11712
11714
11913
9909
12216
11869
1435
10701
12592
12350
12627
9914
12849
9829
11139
8459
11883
13599
17
80
100
367
421
847
955
1122
373
1528
1937
2140
2181
2322
2343
2828
2978
3462
3559
3857
4247
4971
5710
6018
6110
6411
6417
3742
3724
6696
6706
6719
6422
5239
7033
7090
2262
8165
8371
8810
6902
9443
9530
9853
9957
10027
10435
10542
10604
10899
11186
11215
11287
4357
11376
11620
3940
12171
12430
10743
12826
11995
13126
12269
12925
10691
13525
12365
490
516
187
386
901
924
956
1526
1247
1686
1901
2118
2138
2207
2274
2561
2844
3108
4114
4126
4745
5263
5702
5746
5974
6020
6425
6812
6828
7032
7153
4103
7263
7580
7697
5254
7673
7737
8351
8377
8424
8441
4273
8667
9174
9193
9213
9173
7923
9653
9294
9872
9898
5489
8460
9913
10476
5634
11074
11195
11199
11860
11902
4371
10747
12209
12589
12750
12791
12263
12874
10082
10418
3911
12639
12144
14512
271
405
751
1064
1263
1412
1507
1644
2355
2385
2826
3008
3288
3891
5227
5267
5365
5370
5742
5795
6038
6065
2750
822
6293
6383
6406
6452
6600
6853
6535
7154
7215
7354
7389
7543
7622
7693
7715
2270
4039
8442
8792
9172
9431
9435
9508
9539
9645
10147
10201
10288
7430
10455
10457
11127
11226
11291
4979
3757
11526
11668
12234
12449
8183
12001
12415
12422
9464
14221
14344
13793
355
395
448
456
87
594
680
749
945
1073
1364
1332
899
1795
2137
2162
2429
2753
3268
3283
3470
3622
3658
3831
3868
1839
4715
4802
5302
5727
3706
6451
3719
6507
6567
6662
6971
6979
7623
7666
7597
7701
8148
8209
8270
5089
8555
8756
9518
9780
9881
9978
10148
10410
10412
10525
10773
9887
11184
11254
11292
11386
11504
9911
7447
5477
12023
12068
12247
7440
11064
7504
12986
12834
11947
13265
5963
14178
12153
476
616
672
711
717
376
1288
1341
1674
1757
1767
1882
2386
2449
2562
2822
3018
3625
3856
1217
4138
4323
4527
4718
5090
5287
5296
5418
5422
5543
6336
6296
6613
6661
6687
6705
1961
3696
5226
7221
6056
7355
7059
7605
7676
7688
7733
7609
8013
8090
8671
10207
10211
10237
10254
10442
10446
10477
10487
10571
11279
2214
11414
11453
11598
4822
11736
11729
11136
12037
9334
11851
11062
12594
12277
12832
12614
11068
13878
12976
11508
13271
14580
14790
8720
14848
317
529
772
1028
1230
1394
1972
3247
3286
3849
3919
3939
3947
4212
4886
5404
6472
6920
6595
6950
7414
7615
7639
6039
7855
2142
4134
8125
8174
8388
8540
8676
8704
8817
9178
9200
9194
7498
9430
9570
9665
9874
10295
10397
5188
9830
10569
10593
10639
8734
11188
4974
11591
1946
11707
10001
11624
12357
12396
12678
7464
13154
13361
13567
11023
4812
13770
13176
14239
14536
12579
15
319
281
546
570
771
967
1308
862
1454
1752
1566
1952
2437
2831
2838
3119
3246
3445
3452
3494
3623
3853
3972
4784
4912
4942
3881
4990
5069
5219
5436
3362
5811
5879
5889
6314
3737
6382
6346
6608
6668
3694
7100
7193
7252
7651
7990
9242
9491
9623
9812
10056
5952
10280
10624
10938
8728
11160
11193
11233
4347
11505
11520
11898
12035
12557
12576
10311
12861
13026
13148
13485
3428
4116
13596
13618
7758
13362
313
303
493
678
720
902
963
997
1056
994
509
599
614
1270
1271
126
1359
1592
898
2115
2245
2255
2361
2903
3001
3105
3217
3287
3500
3567
3641
3750
3832
3127
4341
4698
4711
4109
5139
5193
5309
5380
5590
5631
5672
5683
5692
5725
6418
6537
6604
6614
6702
4407
6393
7141
7074
7282
7357
7538
7662
7964
8685
8753
8806
5487
3791
9900
9954
10263
10406
10452
1136
10614
10615
10833
8476
11120
11281
11454
11465
11672
8652
12086
10559
4289
12115
12703
5639
12843
12921
7791
13577
11480
79
50
84
217
265
324
374
520
558
621
735
742
998
1208
692
1342
1349
1533
1659
1697
1911
2369
2558
2574
2964
2991
3548
3570
3604
3634
3638
3654
3917
4083
4154
4284
4881
3773
5213
5315
5327
5504
5518
5829
5921
6380
6445
3668
6485
6558
6677
6681
3681
6844
6912
6879
7249
7288
7297
7258
8164
8266
8180
8421
5284
3711
10052
9269
10159
10275
2959
11044
8719
11311
11323
11335
11359
11502
11467
3942
3416
12157
12418
10494
11678
11835
12933
10318
12616
5482
13098
10718
10693
13597
12133
13915
14252
14368
13776
13482
15088
13621
75
248
257
539
574
291
731
960
1211
1272
1741
1754
1906
2072
2195
2338
2378
2619
2850
3100
3753
3850
3949
4045
2678
4535
4682
4926
5138
5313
5392
5540
5855
5980
6122
3045
6342
6683
6754
6811
5713
5691
6401
6739
6648
3866
7378
7387
7678
7643
7752
7968
8212
8404
8549
8687
9226
9427
9429
3360
5636
9904
10034
7767
10398
4894
10574
10622
10676
10964
11224
11227
11240
11255
11349
11439
11374
11443
11475
11937
12072
12156
12220
9251
6488
12374
13105
13317
9467
12885
12747
13896
13987
13812
13512
14983
15067
23
133
201
245
327
514
656
752
863
606
1234
160
1531
1000
2112
2248
2403
3111
3121
3236
3279
3343
3492
4384
3859
5074
5135
5383
5395
5708
5721
5884
5973
6265
6271
6305
3703
6332
6344
3860
6374
6454
6486
3672
6621
6666
6652
6690
6632
6780
6630
6639
6839
7014
6398
6736
7375
7726
8387
8548
8553
8968
8966
9198
9209
9220
9231
9515
9631
9797
9799
9920
7762
10050
10093
7451
10218
10232
8367
10901
10933
11205
11225
11388
10242
11871
11912
12031
12135
12175
8195
12191
12699
12606
12946
12079
13170
13221
13289
13488
11683
13591
5802
12265
9606
14219
14287
5470
9598
13601
1438
72
92
363
531
579
713
765
965
297
1112
1114
1463
831
1836
2178
2222
2308
2817
2952
2994
3060
3068
3293
3561
3626
3780
4227
4765
4882
5233
3680
5426
5595
5655
5674
458
6294
6376
6369
3740
6538
6583
6756
6857
6735
6532
6572
6908
6461
7004
7080
6740
3725
7279
5863
7656
8086
8390
8566
8653
8765
4057
10473
10649
7878
10923
1926
11037
11190
11241
11278
11331
11358
11430
11723
11822
11855
7802
11972
12130
12059
12187
12334
9600
12788
12201
12388
12840
1559
1437
13110
12353
9282
10707
12924
10711
13397
13733
13344
13804
12809
13874
12650
13146
10886
15012
54
90
106
190
362
440
699
859
1033
1200
1224
1275
1682
1867
1226
2299
2380
2458
2599
3254
3527
3528
3591
3855
4266
3842
5699
5705
5757
5783
5895
5975
6014
6026
6036
6197
6562
6591
6725
6849
6931
3685
6882
7053
7083
6070
6900
7187
7192
7360
7441
7691
7718
7930
7988
8448
4671
8759
9357
9541
9561
9563
9971
10214
10453
10456
7433
10599
7971
3359
10778
10863
10970
8395
11375
5548
11501
11592
11654
11967
8865
12074
12341
3774
12641
12653
12736
12123
12848
12888
10870
13038
1140
13219
13496
12716
11942
8726
11069
13635
14220
14229
14355
12284
205
357
368
477
660
759
485
841
961
983
1120
1192
383
1383
1182
1350
1753
2111
2387
2439
2543
3017
3027
3144
3193
3313
3325
3451
3615
3619
4325
4815
4844
5122
5301
5530
5738
5993
3909
6334
5715
6470
5687
6525
6607
6669
6715
6778
6826
6430
6871
3906
6880
7050
7073
6913
7307
7236
8101
8240
8338
7785
8453
8683
8700
9512
7882
5244
9268
9976
2057
10253
10290
7449
10673
7308
11038
11228
11259
11718
11721
11846
11952
11990
12053
5515
12311
12066
12454
12502
12609
12122
9827
12846
13094
12825
9274
13374
10301
11834
11979
11885
12326
7999
8279
11134
4826
12767
4892
222
273
272
417
500
573
675
736
933
1194
496
1304
1486
1539
1286
1656
2073
2218
2244
2257
2412
2990
3542
3597
3621
3960
4697
4806
4965
5024
5187
5289
5338
5438
5701
5834
5923
6312
6373
6459
6783
6835
7079
7115
6801
7367
6042
7717
8386
8443
8451
8962
9197
9436
9657
9991
10054
10157
10515
10771
1135
10858
10910
11018
11208
3125
11423
2928
5341
11724
12076
12119
12231
12442
4957
12612
12689
12690
12873
12932
12154
13320
10008
13568
13617
12819
14081
14216
13750
14329
14796
15265
48
191
269
312
333
414
568
786
968
287
1202
1422
1510
1677
1750
887
973
2421
2550
2827
1812
2848
2941
3089
3232
3303
3317
3497
3590
3609
3628
3644
4717
5180
5209
5216
5332
5337
5651
5849
5929
5942
5979
325
6266
6377
6396
6509
6427
6720
6767
6428
6916
6919
6977
7003
7097
7078
3032
7582
7632
7434
7736
8084
8153
8361
8883
3821
9160
9948
9265
9963
9964
10136
10268
10392
10450
10434
10488
10907
11192
11322
11297
11413
3129
11594
11731
11753
3411
11904
11909
12018
12075
12186
12389
12411
12433
12508
11926
12999
13131
13201
13249
13259
10696
13477
10753
13614
10319
12892
13824
14145
13898
14495
13
56
224
233
443
475
525
532
1091
1121
1274
1216
1511
1563
1351
1881
1973
2068
2177
2410
2576
2902
3544
3598
3858
3985
4887
4994
5178
5298
5565
5659
5719
5726
5771
5774
5825
5851
6263
6277
6313
6548
6602
6663
6711
6896
6965
6887
6732
6421
6946
7109
7269
7272
7306
7310
7374
7395
7400
7755
7067
8260
8268
8406
8714
9215
7957
9811
9855
5870
10058
3876
10601
10669
10848
10979
5532
11039
4354
11306
11321
11416
11365
11446
11451
11452
11392
5612
11597
11621
11725
12013
12150
7975
12174
12309
12481
12490
12497
10783
12620
12081
12688
3884
10698
12202
9461
4893
10692
11679
13277
9267
7424
13491
13670
12142
14128
14182
12517
13648
15105
15108
7881
11677
12804
67
105
151
441
549
779
296
979
1011
1185
1223
1273
974
1366
1504
1646
1476
1716
1942
2305
2330
2360
2363
2411
2489
2829
2833
3062
3113
3231
3311
3510
3566
3599
3754
3768
1575
5274
5293
5501
5586
5020
5983
6058
6076
6080
5225
6339
6389
6515
6484
6554
6606
3735
6694
6703
6747
6781
6492
6593
7111
6942
6594
7604
7664
7976
8169
8276
8385
8409
8558
8666
8763
8814
8833
8840
8832
9240
7759
9878
3103
9959
10251
9291
10557
10650
10980
11048
11158
11200
11201
11217
11232
11262
11112
11412
11438
11440
11455
11514
11669
10686
11727
9601
12100
12103
12145
12208
12219
12298
12377
12410
12590
12694
12705
12785
8717
13145
13240
13549
10885
13933
9599
15237
7
35
81
93
145
335
450
632
716
854
880
978
981
1081
1236
1261
1326
1599
2260
2268
2335
2407
2494
2502
2579
2995
3122
3332
3473
3549
3558
3575
3636
3646
3030
3136
3938
3984
4009
4066
4280
4393
4502
4988
5044
5072
5609
5677
5744
5917
5930
6028
4381
6311
6514
6611
6654
6665
6697
6708
6626
6827
6838
6869
6929
6937
6276
7005
4104
7169
7211
7644
7650
7694
7725
7730
7739
8087
8113
8124
8126
1793
8250
8432
8811
4056
9559
9798
1927
5948
9945
5430
9986
10146
8769
10472
10616
10683
10837
11094
11218
11268
11309
11459
11473
11552
7431
11659
9851
11434
11917
1035
12182
12189
11652
12395
12188
12586
12687
12143
10173
11943
12909
7493
9643
10706
10070
12010
10225
13797
8218
14964
12719
1944
15235
12278
14505
146
232
419
446
698
719
602
392
908
613
156
1339
1344
941
1393
1464
1470
1612
1884
1959
1985
2265
2481
2905
2992
3472
2981
1334
2634
3847
3957
326
4206
4375
4845
4878
5183
5335
5396
5060
5850
5896
3811
3863
3730
5970
6541
6578
6579
6590
6671
3675
6761
6814
6862
6906
6378
6933
6877
6982
6988
7027
6717
7185
6945
7206
7002
7382
7704
7989
8080
8081
8560
8705
9227
9597
9807
9944
9946
9690
10228
10294
10405
10432
3402
10327
10939
11116
11181
11219
11239
11361
11353
11523
11383
11657
11601
11820
6045
7585
11862
12117
12173
12288
12290
12297
12318
10302
3354
12474
12581
12634
12648
12746
12112
12881
9678
10547
13083
13248
13499
13727
12349
14343
5478
10750
14901
14243
4290
9298
26
74
200
211
230
321
351
562
747
767
892
948
1115
1245
832
1338
1266
1423
1561
1647
1651
480
1743
2210
1760
2846
3118
3302
3041
3627
3836
3907
4281
4541
4753
4884
2247
5156
5215
5269
5311
2176
5945
6000
6280
4099
6493
6653
6678
6700
5237
3865
6731
6855
6897
3922
6955
7064
6456
7086
2155
7135
6992
6351
7001
1928
7012
7274
7327
7540
7617
7599
3138
8036
6218
8149
8247
8275
8362
8452
8498
8547
8552
8556
9223
9459
806
9626
9630
9253
10145
10152
10234
10283
10335
7473
10576
10597
10832
10994
11002
11129
11191
4975
11289
4348
11313
11342
9494
11333
3697
11599
7531
11872
11971
11999
12242
12342
12456
10171
12167
8496
11813
12740
12758
12786
12862
12938
10550
12279
13100
13150
13045
13298
3933
