196
3170
1515
1092
1582
2324
3265
3153
1595
1002
1594
1451
2334
2221
1048
1387
5129
2344
3321
3466
1321
1632
179
655
2282
652
4927
3301
1920
3053
3316
1872
2943
318
438
2342
1130
3330
1929
1427
1602
5168
6048
1664
2286
5151
3573
1745
4709
1017
51
3280
14
4696
1502
1016
3806
85
4122
3241
1013
1021
6051
3540
2845
3318
5136
2851
3061
3239
3430
2279
2392
2074
5754
3210
1557
1932
2391
1405
1489
1521
2362
60
7260
1007
1012
3152
4370
1031
3355
1545
8801
5899
1400
6032
5890
4368
2854
3371
654
3168
282
68
1027
1913
1030
83
1375
1691
1821
3
437
2940
98
468
2364
3331
917
1006
157
1426
1084
3479
1009
1010
5144
8204
27
1855
2306
31
34
2349
3058
7286
6903
2066
4943
2169
5148
340
648
2325
3932
41
3272
8283
5141
430
3191
3879
55
1516
2223
391
8233
1623
5316
5421
5252
1587
1669
1441
4235
3285
7321
6035
3894
9864
53
474
2086
181
1517
1627
3298
5878
3600
292
10704
4729
3235
3309
3534
5893
9476
1278
3308
356
907
1503
1615
5397
2085
2390
3545
5023
1018
2883
1040
3336
6061
4340
575
3227
3438
5192
1124
99
1591
185
1218
3006
4260
3464
504
3048
3522
812
1436
1596
3194
1409
3484
2797
1501
139
1523
94
2151
5266
1663
3547
4907
3436
316
3524
1005
1378
5750
140
5028
7159
1370
4713
5167
473
1465
5358
111
143
1025
3537
4084
5758
3433
6055
1176
38
1899
365
275
1047
3611
3177
9208
2304
10063
3094
3351
3955
829
4862
1642
605
3490
5186
3274
3439
5856
3941
6068
3184
2820
4372
627
664
3657
1442
3379
221
1585
3171
8813
3381
11
5451
1962
2285
202
288
1497
5176
5711
5688
7793
10021
213
7270
5605
3712
5152
10393
2915
2948
3216
820
9800
1448
3367
3320
3632
1530
3554
3890
7624
1180
1923
2168
2897
1639
3163
7283
4741
8799
310
1038
1390
3442
4332
783
1534
2804
3220
3553
3659
3954
6298
7277
2911
5704
5381
581
3498
4096
7011
4736
770
1418
1853
2332
3010
169
761
3453
62
1672
5809
306
1026
1484
5245
511
637
1042
1089
95
662
1762
9202
2408
4237
3101
7353
2148
2216
2814
5820
9201
4256
5817
745
2996
7291
1374
3349
5784
103
3701
9232
9245
481
1417
544
1600
3323
3592
3059
7564
1104
3251
44
182
2321
1079
3299
4825
1396
1310
2149
5359
150
548
47
6043
1399
3015
5591
5786
7394
9813
1395
1449
1934
7426
10
2224
2393
3499
5131
7738
1588
320
1134
2825
821
1633
30
793
2853
4938
6473
11877
158
746
1337
2821
3435
3688
7281
7486
506
3502
4683
4851
1147
5782
10064
1125
1864
2898
1
9947
4234
7227
9796
3275
3596
3914
4406
1547
6049
2109
2841
10607
11874
71
1367
3948
622
3345
4317
3864
2146
127
526
800
1748
3482
7432
1536
1630
3204
3291
3684
6433
3370
3504
3536
4097
124
687
7371
147
338
2925
3732
5145
10099
6034
7550
8688
12121
527
2236
2687
4288
4324
7349
1143
2397
3521
401
1039
2887
3458
7459
284
5007
10140
567
1421
3225
4722
6499
7462
2957
2211
2309
3728
2225
7896
10048
1833
4770
7532
261
3905
2951
5308
7614
9806
946
3319
1432
6006
6656
1524
2798
3190
2630
5703
1798
3448
4714
7261
7590
9183
659
926
1480
2818
8343
4293
0
2228
178
3029
5833
3541
7209
6054
7412
5468
8856
909
462
1624
3893
3913
7298
10471
1930
3237
5881
7368
8550
1145
2284
1158
1947
870
1243
2231
7275
7427
12140
920
2280
3507
5184
5405
5852
6287
7548
4830
1549
3579
3698
4780
3037
3770
1138
7787
1100
1482
2120
4319
4350
7265
4315
4896
1634
3372
64
869
1023
1540
1452
3474
1749
1936
2879
4120
4337
4939
3923
10426
11658
129
501
1508
1910
3446
6360
8673
336
1327
2104
7562
8273
8
503
487
3178
3515
3801
3028
149
1590
1874
3002
7684
7770
3198
1429
415
10544
308
1922
3292
4229
10388
3297
3639
4093
5143
11957
1127
2896
5376
3829
7750
7561
8564
471
619
1773
2059
2185
2868
183
512
809
1049
8108
8291
8428
8804
58
4841
6274
8691
9442
9622
12097
9822
1402
3176
1548
5604
2625
5955
113
412
195
328
5372
3039
8142
1322
1505
1628
2622
3257
5018
6405
8253
8831
9826
1803
2365
5264
3475
2876
4742
9831
696
279
2101
3013
4228
5981
6419
9627
236
3334
4861
5883
1819
10640
3123
3491
4107
5433
6402
6584
7344
3390
39
3478
4236
9977
2875
403
447
663
688
871
1460
1764
1667
4724
4970
6367
5956
5
507
2394
5453
7618
9664
7761
204
2312
2377
7210
7742
258
3196
3440
3612
3851
7628
8274
9535
2062
408
3276
3431
3944
5150
11829
8480
677
1190
3211
3333
5146
4984
5690
7266
10120
4746
4772
5602
5808
6353
7317
7495
4818
8724
8412
517
856
992
1077
1283
1648
3581
3686
4773
1126
6320
7008
8251
1111
3192
4346
6371
12621
705
4883
5997
9529
2935
8864
1458
805
4282
12159
5281
665
1371
6560
6605
8234
8272
82
1597
3255
3290
5019
5174
5326
4817
7348
9817
394
691
728
1019
1052
1382
1797
1838
2164
3218
4316
5580
7031
5474
2960
10564
188
620
667
930
2134
3447
4959
8415
5900
431
740
1509
3635
5777
6008
6424
7217
3368
561
164
1654
3189
3295
4335
7530
10137
553
651
1908
3183
5447
7220
7875
3361
9205
8290
11692
209
1631
5324
1554
6300
5201
8488
9795
7482
11020
695
411
1662
2288
2621
5257
4945
3296
8845
8795
429
1046
4769
7284
9587
1425
12000
502
2934
3167
3467
3614
5928
5960
8731
10059
12380
5223
5838
5716
9452
9621
11230
2092
3269
3444
4343
5127
6282
3729
7613
7970
9175
12227
3412
484
1004
3203
3655
3205
6407
6352
9196
9206
290
1188
1499
2237
4707
2860
5682
7707
8841
9629
153
348
1058
1488
3505
3601
5330
3485
7207
11466
8729
29
1814
3185
3531
3595
1692
4716
4902
6372
7595
8114
8238
488
2440
3228
3242
3480
4771
5222
4740
2246
3202
3797
2930
6457
7465
9455
931
1519
1891
1666
3589
4342
3741
6041
10641
11462
229
515
2801
2986
3653
4253
4804
3410
5739
6435
6565
9950
254
932
3000
3587
5813
6366
1918
2069
2922
3449
3565
3618
4909
5847
6413
6531
7702
8805
10067
4213
9912
346
1498
3305
3776
122
125
1024
1576
5288
2867
5608
6059
7724
8413
9593
73
535
1071
2097
2540
5728
6325
9553
1131
1481
2240
2799
3328
3471
4087
5175
7259
5951
726
591
1022
1629
3337
4272
1921
7674
7469
8757
9165
8472
3406
131
615
2336
3342
3347
3459
3526
4300
4720
9166
8278
9967
8866
7471
3393
11263
10121
559
1129
1837
644
3530
3844
4207
5582
7356
9184
2871
247
453
1457
2989
3016
3114
3487
6659
1150
3424
7481
10636
10321
7443
37
102
513
1324
1626
2358
3486
3429
4408
1444
3910
6343
6625
9219
10448
10684
219
369
1796
2836
3007
3457
3693
4710
4774
6302
4857
7417
1179
7502
5253
1445
20
690
769
1408
1688
3580
3805
3899
6679
7547
9210
10842
12598
121
2301
3215
3035
3951
1446
3677
3666
7633
3164
9536
8468
686
734
741
910
3556
3568
2890
641
5898
6807
8794
9456
9619
8853
2931
6023
12838
235
2311
2886
3450
3630
4000
4788
4964
4210
4369
1428
5791
7476
8725
128
137
107
154
714
1096
1490
3266
4694
5388
5005
6773
8364
8829
9246
5594
4820
208
552
914
2847
3258
4085
3099
4899
9773
9470
4738
10428
4823
12507
730
337
1070
1870
2129
2348
3253
4001
4781
4792
5290
5414
5858
5876
6348
7647
7720
8262
8701
3389
9216
9815
10155
11931
491
537
560
676
1098
1311
1902
2150
2998
3093
3206
3281
2899
4692
5169
6993
7392
7329
3421
5170
9564
9675
12014
234
115
331
1372
1586
2102
2235
3222
3208
3839
4339
4981
5450
5815
3733
6820
7102
7657
7679
7425
7837
669
1280
3154
3468
3664
3683
4695
5459
5603
7335
7553
8546
8557
785
1330
1854
1889
2272
2523
3322
3640
5445
3676
4100
6468
6776
6797
6852
5801
9488
10539
12017
433
857
2089
3289
3519
5255
6901
7991
5947
1178
9497
9549
10009
11003
11524
10308
10728
52
763
1078
1487
2302
3456
3555
4246
4687
4690
4982
1616
5460
5781
4098
6712
7278
7980
8236
9161
9422
1552
270
732
986
1265
1373
1404
3273
466
5432
4311
5542
6559
7880
5865
4900
5792
2627
13276
360
1080
3262
3506
3710
6010
4259
5317
7960
7446
11832
13213
66
700
701
884
1063
1397
2341
2932
3180
4766
5242
5723
6563
6610
7630
9217
9669
11895
12114
10722
424
554
625
811
1233
1415
1747
3557
4089
4684
5142
5387
5434
5894
6420
3669
2944
8693
10160
9263
7499
11161
11207
5243
12448
12756
1087
1406
1598
2126
2184
2289
3501
4082
5385
6329
9646
7559
7515
650
299
853
2806
3552
4356
6587
7333
7648
8082
8363
9434
2631
330
1108
601
1525
2071
2135
2179
2276
2298
3647
4127
5389
4734
3709
7289
8252
8271
4214
7774
10037
10080
9614
585
1059
1101
1956
2296
3520
640
4937
5262
5415
5720
7268
8791
10587
10572
5356
11878
12307
141
136
642
894
1583
1825
2110
2128
2885
2975
4808
5700
6960
7139
10090
3356
10642
10657
1810
7788
11196
799
11708
214
353
858
1029
835
2926
3120
3784
5458
5695
5882
6494
7299
7322
9182
9879
10535
9605
7438
12200
19
241
583
300
834
1865
2328
1440
3009
3586
5751
6004
3673
6529
5306
3562
6550
8157
8381
8427
8755
10408
1809
492
1032
428
1369
1329
2287
2878
2088
4086
5413
4864
6500
3739
7401
7608
7690
8217
8654
8815
9159
9339
5789
12314
12450
339
633
653
1205
2281
3026
1159
3175
3920
4124
5519
5581
5731
6024
6465
6698
8143
7510
8695
9432
11202
5354
11663
3397
13252
364
482
498
617
707
718
1518
1740
2512
2554
2971
3224
5417
5734
6011
6301
8146
8170
8237
8239
8830
4832
7509
5902
10443
5785
10780
4291
436
886
1072
810
1149
2293
2927
3221
3161
3652
4088
4224
4314
5126
5128
5221
7450
8834
10906
12070
12632
16
519
709
724
1060
1097
1365
2144
2353
804
2888
3230
3324
3815
4331
4113
5166
7251
7734
9585
10613
5549
12300
422
912
2987
3143
4271
4850
5437
5449
6633
7296
7336
9189
9666
8288
10533
10101
11155
12233
8861
12425
12567
13004
7479
119
170
631
309
697
1107
1119
2379
3023
3238
3250
4750
5457
5520
5759
6510
3736
6684
6642
6479
1132
6324
7309
8254
8366
9169
9191
3376
7839
12204
12294
545
521
873
1356
2116
2357
3350
4258
2955
4378
6858
7386
8762
9204
9433
10094
1551
12164
12313
12519
9466
14253
203
969
