5
12
15
27
41
57
78
81
98
122
181
190
195
219
249
260
266
268
314
326
357
380
387
392
393
407
411
414
416
421
425
444
450
455
483
487
494
502
507
509
511
522
525
527
534
550
556
561
575
589
598
599
602
606
609
613
640
652
659
675
685
686
691
699
707
720
729
730
733
734
735
743
771
777
780
784
790
797
799
801
811
830
833
834
835
838
842
845
852
854
856
857
861
865
867
878
886
890
902
903
908
909
911
923
924
926
927
946
953
956
962
970
976
982
984
985
993
997
1008
1011
1012
1017
1028
1043
1045
1049
1054
1058
1067
1075
1079
1081
1083
1095
1103
1106
1109
1112
1126
1127
1130
1144
1154
1166
1176
1200
1205
1216
1222
1232
1235
1255
1256
1260
1261
1267
1277
1293
1297
1300
1304
1310
1315
1316
1337
1339
1342
1347
1365
1370
1375
1379
1393
1406
1413
1414
1416
1419
1433
1434
1443
1454
1456
1457
1470
1472
1474
1483
1484
1487
1496
1498
1499
1513
1519
1523
1533
1543
1554
1571
1605
1613
1619
1635
1659
1663
1672
1684
1687
1693
1744
1746
1751
1752
1772
1787
1801
1826
1834
1843
1844
1858
1861
1878
1888
1903
1904
1906
1907
1909
1917
1923
1932
1949
1952
1957
1967
1986
1992
2001
2002
2036
2041
2042
2047
2062
2070
2071
2089
2113
2117
2119
2130
2141
2144
2147
2148
2152
2153
2174
2177
2195
2201
2212
2216
2225
2236
2245
2271
2298
2315
2320
2326
2332
2334
2335
2336
2342
2343
2347
2352
2353
2362
2365
2366
2384
2394
2398
2409
2418
2447
2450
2467
2472
2474
2476
2479
2481
2483
2491
2492
2506
2509
2511
2515
2518
2520
2522
2539
2542
2544
2545
2549
2572
2574
2579
2585
2590
2591
2592
2597
2601
2609
2610
2612
2618
2623
2628
2642
2648
2655
2673
2679
2683
2694
2695
2698
2699
2702
2706
2728
2734
2736
2739
2743
2744
2752
2760
2778
2794
2796
2811
2812
2833
2836
2852
2883
2903
2919
2922
2925
2946
2964
2969
2972
2975
2985
2990
2999
3002
3013
3017
3028
3030
3035
3042
3044
3050
3054
3060
3069
3070
3072
3073
3085
3087
3089
3091
3097
3102
3104
3107
3111
3116
3128
3134
3141
3145
3146
3148
3152
3160
3162
3171
3172
3173
3174
3176
3178
3186
3187
3193
3194
3202
3203
3207
3208
3216
3218
3220
3221
3224
3228
3230
3236
3241
3243
3251
3254
3257
3259
3262
3265
3267
3277
3282
3292
3302
3306
3308
3313
3321
3323
3329
3331
3334
3335
3345
3350
3353
3357
3368
3371
3381
3383
3386
3388
3389
3408
3416
3419
3421
3422
3430
3447
3448
3460
3478
3491
3493
3500
3501
3507
3511
3512
3516
3517
3518
3525
3526
3530
3536
3537
3538
3539
3540
3547
3549
3552
3554
3555
3556
3563
3564
3567
3569
3572
3573
3578
3580
3581
3584
3586
3587
3591
3596
3608
3611
3613
3615
3616
3617
3619
3622
3625
3628
3631
3633
3634
3653
3659
3678
3680
3684
3685
3690
3692
3698
3702
3707
3708
3710
3713
3723
3726
3730
3733
3749
3754
3758
3759
3763
3766
3767
3769
3779
3788
3791
3799
3808
3815
3828
3832
3838
3844
3845
3853
3865
3866
3873
3874
3880
3887
3893
3895
3897
3898
3899
3908
3919
3924
3958
3973
3974
3980
3985
3987
3994
3998
4008
4039
4058
4060
4067
4071
4077
4092
4102
4107
4135
4156
4157
4165
4176
4179
4197
4211
4212
4216
4217
4224
4240
4249
4254
4256
4260
4267
4270
4283
4284
4298
4307
4310
4314
4316
4323
4332
4334
4340
4346
4350
4352
4358
4365
4370
4376
4383
4384
4388
4395
4396
4400
4413
4414
4415
4417
4418
4421
4426
4430
4433
4435
4436
4444
4445
4448
4449
4450
4455
4461
4464
4469
4470
4479
4488
4492
4495
4496
4497
4509
4511
4513
4516
4518
4519
4522
4526
4527
4530
4534
4542
4547
4558
4561
4572
4576
4577
4587
4590
4600
4603
4605
4606
4611
4618
4621
4626
4628
4633
4642
4644
4646
4649
4651
4661
4665
4681
4684
4687
4690
4693
4696
4698
4708
4717
4719
4725
4733
4734
4735
4736
4740
4743
4744
4749
4751
4753
4754
4778
4783
4788
4792
4797
4798
4800
4801
4802
4803
4819
4820
4827
4833
4840
4845
4847
4853
4854
4858
4867
4871
4875
4879
4880
4884
4888
4891
4896
4899
4900
4901
4903
4905
4908
4910
4912
4916
4924
4933
4944
4949
4958
4959
4972
4974
4977
4985
4993
4997
5006
5014
5020
5029
5030
5031
5032
5038
5043
5048
5053
5061
5062
5068
5070
5077
5079
5086
5092
5095
5103
5108
5115
5117
5120
5122
5127
5132
5133
5134
5136
5138
5142
5143
5144
5146
5150
5152
5153
5156
5157
5159
5167
5168
5173
5174
5176
5177
5181
5182
5183
5186
5188
5196
5197
5202
5203
5208
5215
5218
5227
5231
5236
5242
5250
5259
5261
5262
5270
5271
5275
5278
5281
5282
5285
5287
5293
5295
5296
5306
5308
5313
5314
5321
5323
5324
5326
5332
5337
5339
5340
5344
5346
5357
5359
5360
5368
5370
5382
5386
5396
5397
5398
5400
5401
5402
5404
5405
5415
5417
5418
5422
5426
5438
5444
5446
5471
5479
5481
5482
5490
5497
5501
5502
5507
5510
5512
5516
5517
5518
5525
5526
5529
5532
5546
5555
5562
5566
5578
5581
5584
5586
5593
5597
5598
5599
5602
5603
5610
5612
5617
5623
5626
