3
5
6
7
10
12
15
17
18
21
23
25
26
27
31
32
35
37
40
41
46
57
61
64
65
72
73
78
81
84
89
92
96
98
100
102
104
106
107
109
110
112
114
120
122
123
126
130
131
132
136
140
146
158
163
169
170
171
172
176
178
181
182
183
184
185
186
190
193
194
195
196
203
204
205
208
209
215
216
219
221
238
241
246
249
254
257
260
263
266
268
269
271
272
286
289
291
299
306
307
314
321
325
326
328
330
337
349
350
357
364
371
374
380
383
387
390
391
392
393
402
407
411
413
414
415
416
419
421
423
425
430
431
433
434
436
439
440
441
442
444
446
450
453
455
458
460
463
465
475
479
483
484
487
489
491
492
494
495
499
502
504
505
507
509
511
514
516
520
521
522
523
525
527
529
532
533
534
539
546
549
550
551
552
556
559
561
562
567
568
571
572
573
575
578
579
580
583
586
588
589
591
592
593
595
596
598
599
600
601
602
604
606
608
609
610
613
617
618
619
622
623
625
626
627
631
633
634
635
637
638
640
641
647
648
652
653
654
655
656
657
658
659
668
671
672
673
675
676
678
679
680
681
683
685
686
688
689
690
691
695
698
699
700
702
703
707
708
712
713
718
720
721
729
730
733
734
735
738
741
742
743
744
745
748
749
750
751
755
757
758
763
766
767
768
769
770
771
777
779
780
781
782
784
785
786
788
789
790
793
795
796
797
799
800
801
802
803
804
807
808
811
812
813
814
816
817
818
820
821
822
824
827
829
830
832
833
834
835
838
839
841
842
843
845
846
848
850
851
852
854
856
857
861
863
865
866
867
869
871
872
873
875
878
880
882
885
886
888
889
890
891
894
896
897
898
899
900
902
903
905
907
908
909
911
912
914
915
916
917
918
921
923
924
926
927
928
929
930
931
932
934
935
936
938
940
941
945
946
947
948
949
953
954
955
956
957
958
959
962
965
967
968
969
970
971
973
974
975
976
977
978
980
982
983
984
985
986
987
990
991
993
996
997
998
999
1000
1001
1003
1006
1008
1010
1011
1012
1013
1015
1017
1021
1025
1027
1028
1029
1030
1041
1043
1045
1047
1049
1050
1052
1054
1055
1057
1058
1059
1060
1061
1062
1067
1068
1075
1077
1079
1080
1081
1083
1085
1087
1088
1089
1092
1093
1095
1096
1097
1099
1101
1102
1103
1104
1106
1107
1108
1109
1110
1112
1113
1115
1116
1117
1118
1119
1120
1121
1123
1125
1126
1127
1128
1129
1130
1132
1134
1135
1140
1143
1144
1147
1150
1152
1153
1154
1155
1160
1161
1164
1166
1167
1169
1170
1171
1172
1174
1176
1177
1178
1180
1182
1188
1189
1190
1199
1200
1204
1205
1206
1209
1214
1215
1216
1217
1222
1223
1224
1226
1227
1228
1229
1230
1232
1234
1235
1236
1241
1243
1244
1245
1247
1252
1253
1255
1256
1260
1261
1263
1264
1266
1267
1269
1272
1276
1277
1279
1282
1283
1284
1286
1288
1290
1291
1293
1296
1297
1300
1301
1304
1307
1308
1310
1314
1315
1316
1317
1318
1322
1324
1326
1327
1329
1330
1336
1337
1338
1339
1340
1341
1342
1343
1345
1347
1348
1351
1361
1363
1365
1370
1375
1376
1377
1379
1380
1393
1394
1396
1398
1399
1401
1403
1405
1406
1407
1410
1411
1412
1413
1414
1415
1416
1419
1420
1422
1423
1424
1430
1432
1433
1434
1435
1437
1441
1442
1443
1449
1451
1454
1455
1456
1457
1461
1462
1466
1469
1470
1472
1474
1479
1482
1483
1484
1487
1491
1495
1496
1497
1498
1499
1501
1502
1509
1511
1513
1516
1518
1519
1522
1523
1525
1527
1530
1532
1533
1534
1536
1537
1540
1542
1543
1546
1550
1551
1553
1554
1555
1564
1568
1571
1572
1576
1584
1587
1591
1598
1599
1600
1605
1608
1609
1613
1614
1618
1619
1626
1628
1629
1630
1635
1636
1639
1642
1644
1647
1653
1655
1657
1659
1663
1671
1672
1673
1674
1676
1680
1682
1684
1687
1689
1691
1693
1694
1695
1697
1698
1699
1703
1706
1707
1710
1712
1713
1715
1716
1717
1718
1720
1724
1731
1732
1733
1737
1738
1743
1744
1745
1746
1748
1751
1752
1756
1757
1758
1766
1769
1772
1774
1776
1777
1782
1784
1787
1789
1793
1794
1795
1797
1801
1802
1803
1804
1805
1806
1808
1809
1810
1811
1812
1814
1816
1817
1818
1819
1820
1821
1824
1826
1827
1829
1833
1834
1839
1843
1844
1847
1848
1851
1852
1853
1855
1858
1861
1862
1865
1866
1867
1869
1872
1873
1875
1876
1878
1879
1881
1883
1884
1885
1888
1892
1894
1897
1899
1900
1902
1903
1904
1905
1906
1907
1909
1910
1911
1912
1914
1917
1918
1921
1923
1925
1927
1929
1930
1931
1932
1935
1936
1941
1943
1944
1949
1950
1952
1955
1957
1959
1960
1964
1966
1967
1970
1971
1974
1975
1977
1980
1981
1983
1985
1986
1987
1990
1992
1993
1997
1999
2001
2002
2003
2007
2008
2009
2010
2012
2015
2017
2021
2023
2025
2028
2029
2036
2037
2038
2039
2040
2041
2042
2045
2047
2052
2061
2062
2066
2067
2070
2071
2072
2074
2080
2082
2087
2089
2090
2094
2096
2097
2098
2103
2107
2111
2112
2113
2115
2116
2117
2119
2122
2123
2125
2126
2128
2129
2130
2131
2136
2139
2141
2144
2145
2147
2148
2152
2153
2155
2156
2161
2167
2168
2169
2171
2174
2177
2188
2189
2192
2195
2196
2200
2201
2211
2212
2215
2216
2225
2227
2229
2230
2236
2239
2241
2245
2249
2250
2251
2258
2259
2260
2261
2264
2266
2268
2270
2271
2275
2283
2288
2293
2298
2299
2303
2304
2305
2308
2312
2315
2317
2318
2320
2325
2326
2329
2332
2334
2335
2336
2340
2342
2343
2344
2345
2346
2347
2348
2349
2352
2353
2354
2357
2359
2361
2362
2363
2364
2365
2366
2367
2370
2371
2372
2375
2376
2377
2379
2380
2384
2394
2398
2399
2405
2408
2409
2410
2411
2414
2415
2416
2417
2418
2421
2424
2428
2431
2434
2435
2436
2441
2447
2450
2454
2455
2456
2457
2459
2460
2467
2472
2474
2476
2477
2478
2479
2480
2481
2482
2483
2484
2487
2488
2490
2491
2492
2493
2494
2498
2500
2501
2502
2506
2509
2510
2511
2512
2515
2516
2517
2518
2520
2521
2522
2524
2525
2526
2528
2530
2531
2532
2534
2536
2539
2540
2542
2543
2544
2545
2546
2547
2548
2549
2551
2552
2557
2559
2560
2563
2571
2572
2574
2575
2578
2579
2581
2583
2585
2589
2590
2591
2592
2597
2598
2601
2606
2607
2608
2609
2610
2612
2613
2616
2617
2618
2619
2623
2627
2628
2630
2631
2635
2638
2639
2641
2642
2643
2644
2645
2647
2648
2649
2652
2655
2662
2670
2673
2674
2676
2678
2679
2680
2681
2683
2684
2687
2689
2690
2692
2693
2694
2695
2697
2698
2699
2700
2702
2706
2707
2712
2713
2718
2719
2720
2723
2727
2728
2729
2731
2733
2734
2735
2736
2738
2739
2742
2743
2744
2746
2747
2749
2751
2752
2753
2754
2757
2760
2761
2763
2768
2774
2775
2777
2778
2781
2782
2783
2787
2788
2789
2792
2793
2794
2795
2796
2797
2803
2804
2811
2812
2813
2818
2821
2823
2829
2833
2834
2836
2837
2839
2843
2844
2848
2851
2852
2856
2857
2858
2859
2860
2864
2865
2866
2870
2872
2873
2880
2883
2884
2887
2889
2893
2894
2903
2906
2910
2911
2912
2915
2916
2917
2918
2919
2920
2921
2922
2924
2925
2926
2928
2930
2931
2934
2935
2936
2937
2938
2939
2944
2945
2946
2951
2952
2954
2956
2963
2964
2966
2968
2969
2971
2972
2975
2976
2977
2978
2980
2981
2983
2985
2988
2989
2990
2991
2992
2994
2996
2997
2999
3002
3005
3007
3009
3011
3012
3013
3014
3015
3017
3019
3020
3021
3022
3023
3026
3027
3028
3029
3030
3033
3035
3036
3038
3039
3040
3042
3043
3044
3047
3050
3051
3052
3054
3057
3058
3059
3060
3061
3062
3063
3065
3069
3070
3072
3073
3077
3079
3080
3081
3082
3085
3086
3087
3088
3089
3090
3091
3092
3093
3094
3095
3096
3097
3098
3100
3102
3103
3104
3105
3106
3107
3109
3110
3111
3116
3117
3118
3119
3120
3121
3122
3124
3125
3126
3128
3129
3133
3134
3135
3136
3137
3138
3139
3140
3141
3143
3145
3146
3147
3148
3150
3151
3152
3153
3154
3155
3158
3160
3161
3162
3163
3164
3166
3168
3171
3172
3173
3174
3175
3176
3178
3182
3185
3186
3187
3188
3190
3191
3192
3193
3194
3195
3196
3197
3198
3199
3200
3201
3202
3203
3206
3207
3208
3211
3212
3213
3215
3216
3217
3218
3219
3220
3221
3222
3224
3226
3227
3228
3229
3230
3231
3232
3233
3235
3236
3239
3241
3243
3244
3246
3248
3250
3251
3252
3254
3256
3257
3259
3262
3263
3265
3267
3272
3275
3276
3277
3278
3279
3280
3281
3282
3284
3285
3286
3290
3292
3294
3295
3296
3297
3299
3300
3301
3302
3304
3306
3307
3308
3309
3310
3312
3313
3314
3315
3316
3317
3318
3319
3321
3322
3323
3324
3326
3327
3328
3329
3330
3331
3332
3334
3335
3337
3338
3339
3341
3342
3343
3345
3346
3348
3349
3350
3351
3352
3353
3355
3356
3357
3359
3361
3362
3363
3364
3365
3368
3369
3370
3371
3372
3374
3380
3381
3383
3384
3386
3388
3389
3393
3394
3395
3397
3399
3401
3402
3403
3405
3406
3407
3408
3409
3411
3413
3414
3415
3416
3417
3418
3419
3420
3421
3422
3424
3428
3430
3432
3433
3435
3436
3438
3439
3440
3441
3445
3447
3448
3452
3454
3457
3460
3461
3465
3466
3468
3469
3471
3472
3473
3474
3475
3476
3478
3480
3482
3483
3485
3486
3487
3491
3492
3493
3497
3498
3499
3500
3501
3503
3504
3507
3508
3510
3511
3512
3513
3516
3517
3518
3521
3522
3524
3525
3526
3527
3529
3530
3531
3532
3534
3535
3536
3537
3538
3539
3540
3542
3544
3545
3547
3548
3549
3550
3551
3552
3553
3554
3555
3556
3558
3559
3561
3562
3563
3564
3567
3569
3572
3573
3574
3577
3578
3579
3580
3581
3583
3584
3585
3586
3587
3588
3591
3592
3593
3594
3595
3596
3597
3598
3599
3600
3604
3606
3607
3608
3609
3611
3612
3613
3614
3615
3616
3617
3618
3619
3620
3622
3623
3624
3625
3626
3628
3629
3631
3632
3633
3634
3635
3636
3640
3641
3644
3645
3647
3648
3650
3651
3652
3653
3654
3657
3658
3659
3660
3661
3662
3663
3664
3667
3671
3672
3674
3675
3676
3678
3680
3682
3684
3685
3687
3689
3690
3691
3692
3693
3694
3697
3698
3699
3700
3701
3702
3703
3706
3707
3708
3709
3710
3711
3712
3713
3715
3716
3718
3719
3720
3721
3723
3724
3725
3726
3728
3729
3730
3731
3732
3733
3735
3737
3741
3743
3744
3745
3746
3749
3750
3754
3756
3757
3758
3759
3760
3763
3764
3765
3766
3767
3769
3770
3771
3773
3774
3776
3777
3778
3779
3780
3783
3784
3786
3787
3788
3790
3791
3792
3799
3800
3805
3808
3813
3815
3818
3819
3822
3827
3828
3830
3832
3833
3838
3842
3844
3845
3847
3848
3852
3853
3854
3859
3863
3865
3866
3867
3868
3869
3871
3873
3874
3875
3879
3880
3882
3883
3884
3887
3891
3893
3895
3896
3897
3898
3899
3900
3901
3908
3910
3911
3912
3916
3918
3919
3921
3924
3926
3927
3928
3929
3931
3932
3937
3938
3939
3942
3947
3948
3949
3950
3953
3955
3958
3959
3960
3962
3965
3966
3967
3968
3973
3974
3977
3979
3980
3981
3983
3985
3986
3987
3989
3990
3991
3992
3994
3998
3999
4001
4002
4003
4007
4008
4016
4021
4024
4025
4028
4030
4031
4033
4039
4044
4045
4047
4050
4052
4054
4055
4057
4058
4059
4060
4063
4064
4065
4067
4069
4071
4077
4078
4079
4080
4081
4082
4083
4089
4092
4095
4102
4104
4105
4107
4110
4114
4118
4121
4128
4129
4130
4131
4133
4135
4147
4151
4156
4157
4161
4165
4167
4168
4170
4172
4176
4177
4179
4180
4183
4191
4193
4197
4198
4200
4202
4203
4206
4210
4211
4212
4213
4216
4217
4219
4223
4224
4229
4230
4232
4233
4237
4240
4244
4249
4250
4251
4252
4253
4254
4255
4256
4258
4259
4260
4262
4267
4268
4270
4272
4275
4277
4279
4282
4283
4284
4289
4293
4295
4296
4298
4299
4300
4301
4303
4305
4307
4309
4310
4313
4314
4315
4316
4317
4318
4322
4323
4327
4330
4331
4332
4333
4334
4339
4340
4342
4346
4347
4350
4351
4352
4356
4357
4358
4362
4363
4364
4365
4366
4369
4370
4375
4376
4377
4378
4379
4380
4381
4382
4383
4384
4386
4387
4388
4390
4392
4393
4394
4395
4396
4400
4401
4402
4405
4406
4407
4408
4411
4413
4414
4415
4416
4417
4418
4419
4421
4423
4425
4426
4430
4431
4432
4433
4435
4436
4438
4439
4440
4442
4443
4444
4445
4446
4447
4448
4449
4450
4451
4453
4454
4455
4456
4457
4458
4460
4461
4463
4464
4466
4467
4468
4469
4470
4471
4472
4473
4474
4475
4476
4477
4478
4479
4482
4483
4484
4485
4486
4488
4490
4492
4493
4494
4495
4496
4497
4499
4500
4501
4502
4503
4504
4505
4507
4508
4509
4510
4511
4512
4513
4514
4515
4516
4517
4518
4519
4520
4521
4522
4523
4524
4525
4526
4527
4528
4529
4530
4531
4532
4533
4534
4536
4538
4539
4540
4542
4543
4544
4545
4546
4547
4548
4550
4556
4557
4558
4559
4560
4561
4562
4563
4564
4567
4569
4570
4572
4573
4574
4575
4576
4577
4578
4580
4583
4584
4587
4588
4589
4590
4591
4593
4595
4597
4598
4599
4600
4603
4604
4605
4606
4607
4609
4611
4612
4614
4616
4617
4618
4619
4621
4624
4625
4626
4628
4629
4630
4631
4632
4633
4636
4640
4642
4643
4644
4646
4649
4651
4652
4653
4655
4656
4657
4661
4662
4663
4664
4665
4667
4669
4671
4673
4676
4679
4681
4682
4684
4685
4686
4687
4688
4690
4691
4692
4693
4694
4695
4696
4698
4700
4701
4702
4703
4706
4708
4709
4711
4712
4714
4716
4717
4718
4719
4722
4724
4725
4727
4729
4730
4733
4734
4735
4736
4737
4738
4739
4740
4742
4743
4744
4746
4747
4748
4749
4750
4751
4752
4753
4754
4756
4758
4762
4763
4764
4765
4766
4767
4768
4769
4770
4772
4775
4778
4779
4780
4782
4783
4785
4786
4787
4788
4789
4792
4793
4794
4796
4797
4798
4799
4800
4801
4802
4803
4804
4805
4806
4809
4811
4812
4814
4816
4818
4819
4820
4821
4822
4823
4825
4826
4827
4828
4829
4830
4831
4832
4833
4834
4835
4836
4840
4841
4844
4845
4846
4847
4848
4850
4852
4853
4854
4856
4857
4858
4859
4860
4861
4862
4863
4864
4865
4867
4869
4870
4871
4873
4874
4875
4876
4877
4879
4880
4881
4882
4883
4884
4885
4886
4887
4888
4889
4890
4891
4892
4894
4896
4897
4898
4899
4900
4901
4902
4903
4904
4905
4906
4907
4908
4909
4910
4911
4912
4914
4916
4918
4924
4926
4927
4929
4930
4931
4933
4934
4937
4941
4942
4943
4944
4945
4947
4949
4950
4954
4955
4957
4958
4959
4960
4961
4963
4964
4965
4968
4969
4970
4971
4972
4973
4974
4975
4976
4977
4985
4986
4989
4993
4997
5000
5002
5003
5006
5008
5012
5013
5014
5015
5016
5017
5018
5020
5022
5028
5029
5030
5031
5032
5033
5036
5037
5038
5040
5042
5043
5044
5047
5048
5049
5050
5052
5053
5054
5055
5056
5058
5059
5060
5061
5062
5063
5064
5065
5066
5067
5068
5069
5070
5071
5073
5075
5077
5078
5079
5081
5082
5084
5085
5086
5087
5088
5089
5090
5092
5094
5095
5096
5098
5099
5100
5103
5104
5106
5108
5109
5110
5111
5112
5113
5115
5116
5117
5118
5120
5122
5123
5124
5125
5126
5127
5128
5129
5130
5131
5132
5133
5134
5135
5136
5137
5138
5140
5141
5142
5143
5144
5146
5147
5148
5149
5150
5151
5152
5153
5154
5155
5156
5157
5159
5160
5161
5162
5163
5165
5167
5168
5170
5171
5172
5173
5174
5175
5176
5177
5180
5181
5182
5183
5184
5186
5187
5188
5190
5192
5194
5196
5197
5200
5202
5203
5205
5208
5209
5210
5214
5215
5218
5220
5221
5224
5226
5227
5231
5233
5234
5235
5236
5238
5240
5242
5246
5249
5250
5253
5256
5257
5259
5260
5261
5262
5263
5264
5267
5270
5271
5275
5276
5278
5280
5281
5282
5283
5285
5286
5287
5288
5289
5291
5293
5294
5295
5296
5297
5298
5299
5300
5302
5306
5307
5308
5310
5311
5312
5313
5314
5315
5316
5319
5320
5321
5322
5323
5324
5325
5326
5327
5328
5329
5330
5331
5332
5333
5334
5336
5337
5338
5339
5340
5342
5343
5344
5345
5346
5347
5348
5349
5350
5351
5352
5354
5355
5356
5357
5358
5359
5360
5362
5364
5365
5366
5367
5368
5369
5370
5373
5374
5375
5377
5378
5379
5381
5382
5383
5384
5386
5387
5388
5389
5390
5391
5392
5394
5395
5396
5397
5398
5399
5400
5401
5402
5404
5405
5406
5407
5408
5409
5410
5411
5413
5415
5417
5418
5420
5421
5422
5423
5424
5425
5426
5429
5431
5435
5438
5443
5444
5446
5447
5448
5453
5455
5456
5459
5461
5462
5464
5465
5468
5470
5471
5472
5474
5475
5476
5478
5479
5480
5481
5482
5484
5487
5489
5490
5491
5494
5497
5498
5501
5502
5503
5507
5510
5511
5512
5513
5514
5516
5517
5518
5520
5521
5523
5525
5526
5529
5530
5532
5533
5534
5538
5540
5541
5542
5543
5545
5546
5548
5551
5555
5557
5561
5562
5563
5564
5566
5567
5568
5570
5573
5574
5576
5578
5581
5582
5583
5584
5586
5590
5591
5593
5594
5595
5597
5598
5599
5601
5602
5603
5607
5608
5610
5612
5614
5616
5617
5619
5620
5622
5623
5625
5626
5627
