3
6
7
10
17
18
21
23
25
26
31
32
35
37
40
61
64
65
72
73
89
92
96
100
102
104
106
107
109
110
112
114
120
123
126
130
131
132
136
146
158
163
169
170
171
172
176
178
182
183
184
185
186
193
194
196
203
204
205
208
209
215
216
221
238
241
254
257
263
269
271
272
286
289
291
306
307
321
325
328
330
337
349
350
364
371
374
383
390
391
402
413
415
419
430
431
433
434
436
440
441
442
446
453
458
460
463
465
475
479
484
489
491
492
495
499
504
505
516
520
521
523
529
532
533
539
546
549
551
552
559
562
567
568
571
572
573
578
579
580
583
586
588
592
593
595
596
600
601
608
610
617
618
619
622
623
625
626
627
631
633
634
637
638
641
647
648
653
654
655
656
657
658
671
672
673
676
678
679
680
681
683
688
689
690
695
698
700
702
703
708
712
713
718
721
738
741
742
745
748
749
750
751
755
757
758
763
766
767
768
769
770
779
781
782
786
788
789
793
795
796
800
803
804
807
808
812
813
814
816
817
818
820
821
824
827
829
832
839
841
843
846
848
850
851
863
866
869
871
872
873
875
880
882
885
888
889
891
894
896
897
898
899
900
905
907
912
914
915
916
917
918
921
928
929
930
931
932
934
935
936
938
940
941
945
947
948
949
954
955
957
958
959
965
967
968
969
971
973
974
977
978
980
983
986
987
990
991
996
998
999
1000
1001
1003
1006
1010
1013
1021
1025
1027
1029
1030
1041
1047
1050
1052
1055
1057
1059
1060
1061
1062
1068
1077
1080
1085
1087
1088
1089
1092
1093
1096
1097
1101
1102
1104
1107
1108
1110
1113
1115
1116
1117
1118
1119
1120
1121
1123
1125
1128
1129
1132
1134
1135
1140
1147
1150
1152
1153
1155
1160
1161
1164
1167
1169
1170
1171
1172
1174
1177
1178
1180
1182
1188
1189
1190
1199
1204
1206
1209
1214
1217
1223
1224
1226
1227
1228
1229
1230
1234
1236
1241
1243
1244
1245
1247
1252
1253
1263
1264
1266
1269
1272
1276
1279
1282
1283
1284
1286
1288
1290
1296
1301
1307
1308
1314
1317
1318
1322
1324
1326
1329
1330
1336
1338
1340
1341
1343
1345
1351
1361
1363
1376
1377
1380
1394
1396
1398
1401
1403
1405
1407
1410
1411
1412
1415
1420
1422
1424
1430
1432
1435
1441
1442
1449
1451
1455
1461
1462
1469
1479
1482
1491
1497
1501
1502
1511
1516
1518
1522
1525
1527
1530
1532
1534
1536
1537
1540
1542
1546
1550
1551
1553
1555
1564
1568
1572
1576
1584
1587
1591
1598
1599
1600
1608
1609
1614
1618
1626
1628
1630
1636
1639
1642
1644
1647
1653
1655
1657
1671
1674
1676
1680
1682
1689
1691
1694
1695
1697
1698
1699
1703
1706
1707
1710
1712
1713
1715
1716
1717
1718
1720
1724
1731
1732
1733
1738
1743
1745
1748
1756
1757
1758
1766
1774
1776
1777
1782
1784
1789
1793
1794
1795
1797
1802
1803
1804
1805
1806
1809
1810
1811
1812
1814
1816
1817
1818
1819
1820
1821
1824
1827
1829
1833
1847
1848
1851
1852
1853
1855
1862
1865
1866
1869
1872
1873
1875
1876
1879
1881
1883
1884
1885
1892
1894
1897
1899
1900
1902
1905
1910
1911
1912
1914
1918
1921
1925
1927
1929
1930
1931
1935
1936
1941
1943
1944
1950
1959
1960
1964
1966
1970
1974
1975
1977
1980
1981
1983
1985
1987
1990
1993
1997
1999
2003
2007
2008
2009
2010
2015
2017
2021
2023
2025
2028
2029
2037
2038
2039
2040
2045
2061
2066
2072
2074
2082
2090
2094
2096
2097
2103
2107
2111
2112
2115
2122
2123
2125
2128
2129
2131
2136
2145
2155
2161
2167
2169
2171
2188
2189
2192
2196
2200
2211
2215
2227
2229
2239
2249
2250
2251
2258
2259
2260
2261
2264
2266
2270
2275
2283
2288
2293
2299
2303
2304
2308
2312
2317
2318
2325
2329
2340
2344
2345
2346
2348
2349
2354
2357
2359
2361
2363
2364
2367
2370
2371
2372
2375
2376
2377
2379
2380
2399
2405
2408
2410
2411
2414
2415
2416
2417
2421
2424
2434
2435
2436
2441
2454
2455
2456
2459
2460
2477
2478
2480
2482
2484
2487
2488
2490
2493
2494
2498
2500
2501
2502
2510
2512
2517
2524
2525
2526
2528
2530
2531
2532
2534
2536
2540
2543
2546
2547
2548
2551
2552
2557
2559
2560
2563
2571
2575
2578
2581
2583
2589
2598
2606
2607
2608
2613
2616
2617
2619
2627
2630
2631
2635
2638
2639
2641
2643
2644
2645
2647
2649
2652
2662
2670
2676
2678
2680
2681
2684
2687
2689
2690
2692
2693
2697
2700
2707
2712
2718
2719
2720
2723
2727
2729
2731
2733
2735
2738
2742
2746
2747
2749
2751
2753
2754
2757
2761
2763
2768
2774
2775
2781
2782
2783
2787
2788
2789
2792
2793
2795
2797
2803
2804
2813
2818
2821
2823
2829
2834
2837
2839
2843
2844
2848
2851
2858
2859
2860
2864
2865
2866
2870
2872
2873
2880
2884
2887
2889
2893
2906
2910
2911
2912
2915
2916
2917
2918
2920
2921
2924
2926
2928
2930
2931
2934
2935
2936
2937
2938
2939
2944
2945
2951
2952
2954
2963
2968
2971
2976
2977
2978
2980
2981
2983
2989
2991
2992
2994
2996
2997
3005
3007
3009
3012
3014
3015
3019
3020
3021
3022
3023
3026
3027
3029
3033
3036
3038
3039
3040
3043
3047
3052
3057
3058
3059
3061
3062
3063
3065
3077
3079
3080
3081
3082
3086
3088
3090
3092
3093
3094
3095
3096
3098
3100
3105
3106
3109
3110
3117
3118
3120
3121
3122
3124
3126
3133
3135
3136
3137
3138
3139
3140
3143
3147
3150
3151
3153
3154
3155
3158
3163
3164
3166
3168
3175
3182
3185
3188
3190
3191
3192
3195
3196
3197
3198
3199
3200
3201
3206
3211
3212
3215
3217
3219
3222
3226
3227
3229
3231
3232
3233
3235
3239
3244
3246
3248
3250
3252
3256
3263
3272
3276
3278
3279
3280
3281
3284
3285
3286
3290
3294
3295
3296
3297
3300
3301
3304
3307
3309
3310
3312
3314
3315
3316
3317
3318
3319
3322
3324
3326
3327
3328
3330
3332
3337
3338
3339
3341
3343
3346
3348
3349
3352
3355
3356
3359
3361
3362
3363
3364
3365
3369
3370
3372
3374
3384
3393
3394
3395
3397
3399
3401
3402
3403
3406
3407
3409
3411
3413
3414
3415
3417
3418
3420
3424
3428
3432
3433
3435
3436
3438
3439
3440
3441
3445
3452
3454
3457
3461
3465
3466
3468
3469
3471
3472
3473
3474
3475
3476
3480
3482
3483
3485
3486
3487
3497
3498
3499
3503
3504
3508
3510
3513
3521
3522
3524
3527
3529
3531
3532
3534
3535
3542
3544
3545
3550
3551
3553
3558
3559
3561
3562
3577
3579
3583
3585
3588
3592
3593
3595
3597
3598
3599
3600
3604
3606
3607
3609
3612
3614
3618
3620
3623
3624
3626
3629
3635
3636
3640
3641
3644
3645
3647
3650
3651
3652
3654
3658
3660
3661
3662
3663
3664
3667
3671
3672
3674
3675
3682
3687
3689
3691
3693
3694
3697
3699
3700
3701
3703
3706
3709
3711
3712
3715
3716
3718
3719
3720
3721
3724
3728
3729
3731
3732
3735
3737
3741
3743
3744
3745
3746
3750
3756
3757
3760
3764
3765
3770
3773
3777
3778
3780
3783
3784
3786
3787
3790
3792
3800
3805
3813
3818
3819
3822
3830
3833
3842
3847
3852
3854
3859
3863
3867
3868
3869
3871
3875
3879
3882
3883
3884
3891
3896
3900
3901
3910
3911
3912
3916
3918
3921
3926
3927
3928
3929
3931
3932
3937
3938
3939
3942
3948
3949
3950
3953
3955
3959
3960
3962
3965
3966
3967
3968
3977
3979
3981
3983
3986
3989
3990
3991
3992
3999
4001
4007
4016
4021
4024
4025
4028
4030
4031
4033
4044
4045
4047
4050
4052
4054
4055
4057
4059
4063
4064
4065
4069
4078
4079
4080
4081
4082
4083
4089
4095
4104
4105
4110
4114
4118
4121
4130
4131
4133
4147
4167
4168
4170
4172
4177
4180
4183
4191
4193
4198
4200
4202
4203
4206
4219
4223
4229
4230
4232
4233
4244
4250
4251
4252
4253
4255
4258
4259
4262
4268
4272
4275
4279
4282
4289
4293
4295
4296
4299
4300
4301
4303
4305
4309
4313
4315
4317
4318
4322
4327
4330
4331
4333
4339
4342
4347
4351
4356
4357
4362
4363
4364
4366
4369
4375
4377
4378
4379
4380
4381
4382
4386
4387
4390
4392
4393
4394
4401
4402
4405
4406
4407
4408
4411
4416
4419
4423
4425
4431
4432
4438
4439
4440
4442
4443
4446
4447
4451
4453
4454
4456
4457
4458
4460
4463
4466
4467
4471
4472
4473
4474
4475
4476
4478
4482
4483
4484
4485
4486
4490
4493
4494
4499
4500
4501
4502
4503
4504
4505
4507
4508
4510
4512
4514
4515
4517
4520
4521
4523
4524
4525
4528
4529
4531
4532
4536
4538
4540
4543
4544
4545
4546
4548
4550
4556
4557
4559
4560
4562
4563
4564
4567
4569
4570
4573
4574
4575
4578
4580
4583
4584
4588
4589
4591
4593
4595
4597
4598
4599
4604
4607
4609
4612
4614
4616
4617
4619
4624
4625
4629
4631
4632
4636
4640
4643
4652
4653
4655
4656
4657
4662
4663
4664
4667
4669
4671
4673
4676
4679
4682
4685
4686
4688
4691
4692
4694
4700
4701
4706
4709
4711
4712
4714
4716
4722
4724
4727
4729
4730
4737
4738
4739
4742
4746
4747
4748
4750
4752
4756
4758
4762
4763
4765
4766
4767
4769
4770
4772
4775
4779
4780
4782
4785
4786
4787
4789
4793
4794
4796
4799
4804
4805
4806
4809
4811
4812
4814
4818
4821
4822
4823
4825
4826
4828
4829
4830
4831
4832
4834
4835
4836
4841
4844
4846
4848
4850
4852
4856
4857
4859
4860
4861
4862
4863
4864
4865
4870
4873
4874
4876
4877
4881
4882
4883
4885
4886
4887
4889
4890
4892
4894
4897
4898
4902
4904
4906
4907
4909
4914
4918
4926
4927
4929
4930
4931
4934
4937
4941
4942
4943
4945
4947
4954
4955
4957
4960
4961
4963
4964
4965
4968
4969
4970
4971
4973
4975
4986
4989
5000
5003
5008
5012
5015
5016
5017
5022
5028
5036
5037
5040
5042
5044
5047
5049
5050
5052
5054
5055
5056
5058
5059
5060
5063
5064
5065
5066
5067
5069
5071
5073
5075
5078
5081
5082
5084
5085
5087
5088
5089
5090
5094
5096
5098
5099
5100
5104
5106
5109
5110
5111
5112
5113
5116
5118
5123
5124
5125
5126
5128
5129
5130
5135
5137
5140
5141
5147
5148
5149
5151
5154
5155
5160
5161
5162
5163
5165
5170
5171
5172
5175
5180
5184
5187
5190
5192
5200
5205
5209
5210
5214
5220
5221
5224
5226
5233
5234
5235
5238
5240
5246
5249
5253
5256
5257
5260
5263
5264
5267
5276
5280
5283
5286
5288
5289
5291
5294
5297
5298
5300
5302
5307
5310
5311
5312
5315
5316
5319
5320
5322
5325
5327
5328
5329
5330
5331
5333
5334
5336
5338
5342
5343
5345
5347
5348
5349
5350
5352
5354
5355
5356
5358
5362
5364
5365
5366
5367
5369
5373
5374
5375
5377
5379
5381
5383
5384
5387
5388
5389
5390
5391
5392
5394
5395
5399
5406
5407
5408
5409
5410
5411
5413
5420
5421
5423
5424
5425
5429
5431
5435
5443
5447
5448
5455
5456
5459
5461
5462
5464
5465
5468
5470
5472
5474
5475
5476
5478
5480
5484
5487
5489
5491
5494
5498
5503
5511
5513
5514
5520
5521
5523
5530
5533
5538
5540
5541
5542
5543
5545
5548
5551
5557
5561
5563
5564
5567
5568
5570
5573
5574
5576
5582
5583
5590
5591
5594
5601
5607
5608
5614
5616
5620
5622
5625
5627
