0
1
2
11
13
16
20
22
24
28
29
30
34
36
38
42
45
49
50
51
52
53
58
59
60
62
63
66
68
70
71
75
76
77
79
80
85
86
87
88
90
93
94
95
97
99
101
103
108
111
113
115
116
117
118
119
121
125
127
128
129
133
134
135
137
138
139
141
143
144
145
147
148
149
150
151
152
153
154
155
156
157
159
160
161
162
165
166
167
168
173
174
175
179
187
188
189
192
198
199
201
202
206
211
212
213
217
218
220
223
224
225
226
227
230
232
233
234
235
240
242
243
244
245
247
251
252
253
255
256
261
262
264
265
267
270
273
277
278
279
280
281
282
283
284
287
288
290
292
293
294
295
296
297
298
301
302
303
304
305
308
309
310
312
313
315
316
317
319
320
322
323
324
329
331
333
334
335
336
338
340
341
343
346
347
348
351
352
353
354
355
358
360
361
365
366
367
368
370
372
373
375
379
381
382
384
385
386
388
389
394
395
396
397
398
399
400
401
403
405
406
409
410
412
418
420
422
426
429
435
437
438
443
447
449
451
452
454
456
457
462
464
467
469
470
471
472
476
478
480
482
486
488
490
496
497
498
501
508
513
515
517
518
524
526
528
536
538
540
541
545
547
553
555
558
560
565
566
570
574
577
582
585
587
590
607
611
612
615
616
620
628
632
642
643
644
649
650
651
660
662
664
665
666
667
674
682
692
693
696
697
704
706
709
711
714
715
716
717
722
724
725
727
731
737
740
746
752
753
761
772
773
774
775
783
787
792
794
798
809
810
815
819
823
826
828
831
836
844
849
855
858
860
864
868
876
881
887
904
906
910
913
919
920
922
937
942
944
950
960
964
966
981
992
994
1002
1004
1007
1009
1016
1018
1019
1020
1023
1024
1026
1032
1034
1035
1037
1039
1040
1048
1053
1056
1064
1065
1066
1069
1070
1071
1072
1073
1076
1082
1084
1086
1091
1111
1136
1137
1138
1139
1142
1149
1163
1168
1183
1184
1185
1186
1187
1192
1193
1194
1198
1211
1212
1219
1220
1221
1231
1240
1250
1251
1254
1257
1258
1265
1270
1271
1275
1278
1280
1285
1299
1302
1303
1305
1309
1311
1312
1313
1323
1325
1328
1331
1332
1333
1334
1350
1353
1355
1359
1362
1366
1367
1369
1372
1381
1382
1383
1384
1385
1387
1390
1392
1395
1400
1402
1408
1409
1418
1421
1425
1426
1428
1439
1440
1445
1446
1448
1450
1452
1453
1458
1465
1471
1477
1478
1480
1481
1486
1490
1492
1493
1500
1503
1504
1505
1507
1510
1515
1517
1520
1526
1531
1535
1538
1541
1544
1548
1552
1558
1560
1562
1563
1565
1569
1570
1573
1574
1577
1578
1579
1580
1581
1582
1583
1585
1588
1589
1590
1593
1594
1595
1596
1601
1602
1603
1604
1606
1607
1610
1611
1616
1617
1620
1621
1622
1624
1625
1627
1632
1634
1637
1640
1641
1643
1645
1646
1650
1651
1658
1660
1661
1662
1666
1667
1668
1669
1670
1675
1678
1679
1681
1686
1688
1690
1692
1700
1701
1702
1705
1708
1719
1722
1723
1726
1727
1729
1730
1735
1736
1739
1740
1742
1749
1750
1753
1755
1760
1761
1763
1764
1765
1767
1768
1770
1771
1773
1775
1780
1781
1783
1785
1788
1790
1791
1792
1796
1798
1813
1815
1822
1825
1832
1835
1836
1837
1840
1841
1845
1846
1850
1854
1856
1857
1859
1860
1864
1871
1880
1886
1887
1889
1890
1891
1893
1895
1901
1908
1915
1916
1920
1922
1928
1933
1937
1938
1940
1945
1946
1947
1954
1956
1958
1962
1963
1969
1972
1973
1976
1979
1982
1984
1989
1995
1996
2005
2011
2014
2018
2019
2022
2024
2027
2031
2032
2034
2043
2044
2048
2050
2055
2056
2057
2058
2059
2060
2064
2065
2068
2073
2075
2077
2085
2088
2091
2092
2093
2100
2102
2105
2108
2109
2110
2120
2121
2127
2132
2133
2134
2135
2140
2142
2143
2146
2150
2151
2154
2157
2159
2163
2165
2166
2170
2172
2173
2175
2176
2178
2179
2180
2181
2183
2184
2185
2186
2187
2190
2194
2197
2199
2202
2203
2205
2207
2208
2210
2213
2214
2217
2218
2219
2220
2221
2222
2224
2226
2231
2232
2233
2238
2240
2242
2243
2244
2246
2248
2253
2254
2255
2262
2263
2267
2269
2273
2274
2276
2277
2278
2280
2281
2282
2285
2286
2287
2289
2291
2292
2294
2295
2296
2297
2300
2301
2302
2306
2307
2309
2310
2313
2314
2316
2319
2322
2324
2327
2328
2330
2331
2350
2355
2358
2369
2373
2374
2378
2383
2385
2387
2389
2392
2393
2395
2396
2400
2402
2404
2406
2412
2413
2420
2422
2423
2425
2426
2427
2432
2437
2438
2439
2442
2443
2444
2448
2449
2451
2452
2461
2462
2463
2464
2465
2466
2470
2496
2497
2499
2505
2507
2508
2513
2514
2523
2527
2537
2553
2554
2555
2558
2561
2564
2566
2567
2568
2573
2577
2582
2584
2587
2588
2593
2595
2596
2599
2600
2602
2605
2614
2615
2620
2624
2626
2632
2634
2636
2637
2651
2654
2656
2657
2660
2661
2663
2664
2665
2666
2667
2668
2669
2671
2672
2675
2682
2685
2686
2691
2696
2703
2704
2705
2708
2709
2710
2711
2714
2716
2717
2721
2722
2726
2732
2741
2745
2755
2758
2759
2764
2765
2766
2767
2769
2770
2771
2772
2776
2779
2784
2790
2798
2800
2801
2802
2807
2810
2814
2815
2816
2817
2819
2820
2822
2824
2825
2826
2827
2828
2830
2832
2840
2841
2842
2845
2846
2847
2849
2850
2854
2861
2863
2867
2869
2871
2876
2878
2881
2885
2886
2888
2890
2891
2892
2895
2897
2899
2900
2904
2905
2907
2908
2914
2927
2940
2941
2942
2947
2948
2953
2955
2958
2959
2961
2962
2965
2967
2970
2986
2993
2998
3001
3004
3006
3010
3016
3037
3041
3046
3053
3055
3056
3068
3071
3074
3083
3108
3114
3130
3131
3167
3180
3184
3225
3237
3238
3249
3253
3266
3268
3271
3291
3293
3298
3305
3311
3333
3336
3340
3347
3358
3373
3376
3378
3379
3382
3385
3392
3396
3404
3412
3423
3425
3426
3442
3443
3453
3455
3456
3458
3459
3463
3464
3479
3488
3490
3502
3533
3541
3571
3575
3603
3610
3627
3656
3666
3668
3670
3677
3683
3695
3696
3704
3742
3755
3761
3775
3781
3789
3796
3797
3798
3801
3802
3803
3806
3807
3809
3812
3814
3816
3817
3820
3826
3831
3834
3835
3837
3839
3841
3846
3849
3851
3855
3860
3861
3862
3876
3877
3878
3881
3892
3903
3904
3906
3913
3914
3917
3922
3923
3925
3933
3934
3935
3936
3941
3943
3946
3951
3952
3954
3956
3957
3961
3969
3970
3971
3978
3982
3984
3988
3993
3996
3997
4009
4013
4015
4018
4020
4029
4034
4035
4037
4041
4042
4043
4046
4048
4049
4053
4062
4068
4070
4073
4074
4086
4087
4091
4093
4094
4098
4099
4100
4101
4103
4106
4108
4109
4111
4112
4113
4122
4123
4134
4136
4137
4139
4142
4144
4145
4146
4148
4150
4152
4153
4154
4159
4160
4162
4163
4164
4166
4169
4171
4173
4174
4175
4178
4182
4185
4186
4188
4189
4194
4196
4205
4208
4209
4214
4215
4218
4220
4221
4231
4234
4235
4238
4239
4245
4248
4257
4261
4285
4286
4288
4292
4294
4302
4308
4311
4328
4329
4335
4336
4337
4343
4344
4349
4354
4355
4360
4361
4371
4385
4391
4404
4420
4429
4452
4462
4480
4489
4491
4541
4552
4568
4594
4596
4620
4622
4627
4634
4637
4641
4647
4650
4654
4658
4666
4668
4670
4672
4675
4677
4678
4680
4697
4705
4707
4713
4715
4728
4771
4776
4790
4795
4815
4842
4849
4895
4917
4921
4923
4936
4940
4967
4978
4982
4987
4988
4990
4991
4994
4996
4999
5004
5007
5010
5011
5021
5035
5045
5046
5051
5057
5080
5083
5121
5139
5158
5189
5195
5201
5212
5223
5230
5232
5241
5245
5248
5258
5265
5268
5269
5277
5301
5303
5304
5305
5317
5380
5414
5419
5433
5434
5437
5440
5450
5457
5463
5466
5467
5469
5473
5477
5485
5488
5495
5496
5506
5515
5519
5522
5524
5527
5531
5535
5547
5550
5558
5559
5560
5569
5571
5572
5577
5579
5580
5585
5588
5592
5596
5600
5604
5605
5606
5611
5615
5621
