4
8
9
14
19
33
39
43
44
46
47
48
54
55
56
67
69
74
82
83
84
91
105
124
140
142
164
177
180
191
197
200
207
210
214
222
228
229
231
236
237
239
246
248
250
258
259
274
275
276
285
299
300
311
318
327
332
339
342
344
345
356
359
362
363
369
376
377
378
404
408
417
423
424
427
428
432
439
445
448
459
461
466
468
473
474
477
481
485
493
500
503
506
510
512
514
519
530
531
535
537
542
543
544
548
554
557
563
564
569
576
581
584
591
594
597
603
604
605
614
621
624
629
630
635
636
639
645
646
661
663
668
669
670
677
684
687
694
701
705
710
719
723
726
728
732
736
739
744
747
754
756
759
760
762
764
765
776
778
785
791
802
805
806
822
825
837
840
847
853
859
862
870
874
877
879
883
884
892
893
895
901
925
933
939
943
951
952
961
963
972
975
979
988
989
995
1005
1014
1015
1022
1031
1033
1036
1038
1042
1044
1046
1051
1063
1074
1078
1090
1094
1098
1099
1100
1105
1114
1122
1124
1131
1133
1141
1143
1145
1146
1148
1151
1156
1157
1158
1159
1162
1165
1173
1175
1179
1181
1191
1195
1196
1197
1201
1202
1203
1207
1208
1210
1213
1215
1218
1225
1233
1237
1238
1239
1242
1246
1248
1249
1259
1262
1268
1273
1274
1281
1287
1289
1291
1292
1294
1295
1298
1306
1319
1320
1321
1327
1335
1344
1346
1348
1349
1352
1354
1356
1357
1358
1360
1364
1368
1371
1373
1374
1378
1386
1388
1389
1391
1397
1399
1404
1417
1423
1427
1429
1431
1436
1437
1438
1444
1447
1459
1460
1463
1464
1466
1467
1468
1473
1475
1476
1485
1488
1489
1494
1495
1506
1508
1509
1512
1514
1521
1524
1528
1529
1539
1545
1547
1549
1556
1557
1559
1561
1566
1567
1575
1586
1592
1597
1612
1615
1623
1629
1631
1633
1638
1648
1649
1652
1654
1656
1664
1665
1673
1677
1683
1685
1696
1704
1709
1711
1714
1721
1725
1728
1734
1737
1741
1747
1754
1759
1762
1769
1778
1779
1786
1799
1800
1807
1808
1823
1828
1830
1831
1838
1839
1842
1849
1863
1867
1868
1870
1874
1877
1882
1896
1898
1913
1919
1924
1926
1934
1939
1942
1948
1951
1953
1955
1961
1965
1968
1971
1978
1988
1991
1994
1998
2000
2004
2006
2012
2013
2016
2020
2026
2030
2033
2035
2046
2049
2051
2052
2053
2054
2063
2067
2069
2076
2078
2079
2080
2081
2083
2084
2086
2087
2095
2098
2099
2101
2104
2106
2114
2116
2118
2124
2126
2137
2138
2139
2149
2156
2158
2160
2162
2164
2168
2182
2191
2193
2198
2204
2206
2209
2223
2228
2230
2234
2235
2237
2241
2247
2252
2256
2257
2265
2268
2272
2279
2284
2290
2305
2311
2321
2323
2333
2337
2338
2339
2341
2351
2356
2360
2368
2381
2382
2386
2388
2390
2391
2397
2401
2403
2407
2419
2428
2429
2430
2431
2433
2440
2445
2446
2453
2457
2458
2468
2469
2471
2473
2475
2485
2486
2489
2495
2503
2504
2516
2519
2521
2529
2533
2535
2538
2541
2550
2556
2562
2565
2569
2570
2576
2580
2586
2594
2603
2604
2611
2621
2622
2625
2629
2633
2640
2646
2650
2653
2658
2659
2674
2677
2688
2701
2713
2715
2724
2725
2730
2737
2740
2748
2750
2756
2762
2773
2777
2780
2785
2786
2791
2799
2805
2806
2808
2809
2831
2835
2838
2853
2855
2856
2857
2862
2868
2874
2875
2877
2879
2882
2894
2896
2898
2901
2902
2909
2913
2923
2929
2932
2933
2943
2949
2950
2956
2957
2960
2966
2973
2974
2979
2982
2984
2987
2988
2995
3000
3003
3008
3011
3018
3024
3025
3031
3032
3034
3045
3048
3049
3051
3064
3066
3067
3075
3076
3078
3084
3099
3101
3103
3112
3113
3115
3119
3123
3125
3127
3129
3132
3142
3144
3149
3156
3157
3159
3161
3165
3169
3170
3177
3179
3181
3183
3189
3204
3205
3209
3210
3213
3214
3223
3234
3240
3242
3245
3247
3255
3258
3260
3261
3264
3269
3270
3273
3274
3275
3283
3287
3288
3289
3299
3303
3320
3325
3342
3344
3351
3354
3360
3366
3367
3375
3377
3380
3387
3390
3391
3398
3400
3405
3410
3427
3429
3431
3434
3437
3444
3446
3449
3450
3451
3462
3467
3470
3477
3481
3484
3489
3492
3494
3495
3496
3505
3506
3509
3514
3515
3519
3520
3523
3528
3543
3546
3548
3557
3560
3565
3566
3568
3570
3574
3576
3582
3589
3590
3594
3601
3602
3605
3621
3630
3632
3637
3638
3639
3642
3643
3646
3648
3649
3655
3657
3665
3669
3673
3676
3679
3681
3686
3688
3705
3714
3717
3722
3725
3727
3734
3736
3738
3739
3740
3747
3748
3751
3752
3753
3762
3768
3771
3772
3774
3776
3782
3785
3793
3794
3795
3804
3810
3811
3821
3823
3824
3825
3827
3829
3836
3840
3843
3848
3850
3856
3857
3858
3864
3870
3872
3885
3886
3888
3889
3890
3894
3902
3905
3907
3909
3915
3920
3930
3940
3944
3945
3947
3963
3964
3972
3975
3976
3995
4000
4002
4003
4004
4005
4006
4010
4011
4012
4014
4017
4019
4022
4023
4026
4027
4032
4036
4038
4040
4051
4056
4061
4066
4072
4075
4076
4084
4085
4088
4090
4096
4097
4115
4116
4117
4119
4120
4124
4125
4126
4127
4128
4129
4132
4138
4140
4141
4143
4149
4151
4155
4158
4161
4181
4184
4187
4190
4192
4195
4199
4201
4204
4207
4210
4213
4222
4225
4226
4227
4228
4236
4237
4241
4242
4243
4246
4247
4263
4264
4265
4266
4269
4271
4273
4274
4276
4277
4278
4280
4281
4287
4290
4291
4297
4304
4306
4312
4319
4320
4321
4324
4325
4326
4338
4341
4345
4348
4353
4359
4367
4368
4372
4373
4374
4389
4397
4398
4399
4403
4409
4410
4412
4422
4424
4427
4428
4434
4437
4441
4459
4465
4468
4477
4481
4487
4498
4506
4533
4535
4537
4539
4549
4551
4553
4554
4555
4565
4566
4571
4579
4581
4582
4585
4586
4592
4601
4602
4608
4610
4613
4615
4623
4630
4635
4638
4639
4645
4648
4659
4660
4674
4683
4689
4695
4699
4702
4703
4704
4710
4718
4720
4721
4723
4726
4731
4732
4741
4745
4755
4757
4759
4760
4761
4764
4768
4773
4774
4777
4781
4784
4791
4807
4808
4810
4813
4816
4817
4824
4837
4838
4839
4843
4851
4855
4866
4868
4869
4872
4878
4893
4911
4913
4915
4919
4920
4922
4925
4928
4932
4935
4938
4939
4946
4948
4950
4951
4952
4953
4956
4962
4966
4976
4979
4980
4981
4983
4984
4992
4995
4998
5001
5002
5005
5009
5013
5018
5019
5023
5024
5025
5026
5027
5033
5034
5039
5041
5072
5074
5076
5091
5093
5097
5101
5102
5105
5107
5114
5119
5131
5145
5164
5166
5169
5178
5179
5185
5191
5193
5194
5198
5199
5204
5206
5207
5211
5213
5216
5217
5219
5222
5225
5228
5229
5237
5239
5243
5244
5247
5251
5252
5254
5255
5266
5272
5273
5274
5279
5284
5290
5292
5299
5309
5318
5335
5341
5351
5353
5361
5363
5371
5372
5376
5378
5385
5393
5403
5412
5416
5427
5428
5430
5432
5436
5439
5441
5442
5445
5449
5451
5452
5453
5454
5458
5460
5483
5486
5492
5493
5499
5500
5504
5505
5508
5509
5528
5534
5536
5537
5539
5544
5549
5552
5553
5554
5556
5565
5575
5587
5589
5595
5609
5613
5618
5619
5624
